kabupaten,luas_panen,produktivitas,produksi,tahun,provinsi,curah_hujan_rataan,curah_hujan_total,suhu_rataan,suhu_maksimum,suhu_minimum,kelembapan_rataan
simeulue,6085.45,33.2,20200.91,2018,Aceh,6.432410958904109,2347.83,27.843424657534246,29.21,26.08,78.48904109589041
aceh singkil,967.02,56.16,5430.41,2018,Aceh,8.170109589041097,2982.09,27.493616438356163,29.15,25.6,79.53441095890412
aceh selatan,9242.78,62.29,57573.07,2018,Aceh,6.786082191780822,2476.92,25.206000000000003,26.8,23.05,85.03652054794522
aceh tenggara,10488.65,65.45,68651.03,2018,Aceh,6.761041095890412,2467.78,20.623315068493152,22.63,18.18,88.93194520547945
aceh timur,30947.54,56.4,174531.52,2018,Aceh,4.523506849315068,1651.08,27.475506849315067,29.5,25.26,79.90161643835617
aceh tengah,5039.88,60.38,30429.76,2018,Aceh,7.9940273972602744,2917.82,19.67895890410959,21.76,17.33,89.4221095890411
aceh barat,12915.46,45.17,58334.99,2018,Aceh,7.743972602739727,2826.55,26.38350684931507,27.96,24.56,83.77698630136986
aceh besar,39223.68,59.29,232540.64,2018,Aceh,6.978246575342466,2547.06,26.81906849315068,28.74,25.13,79.80945205479452
pidie,40781.14,63.52,259042.12,2018,Aceh,7.437616438356164,2714.73,22.6973698630137,24.37,20.37,89.53608219178082
bireuen,27140.97,61.44,166766.79,2018,Aceh,6.220931506849315,2270.64,24.042904109589042,26.17,21.87,87.12649315068492
aceh utara,71800.78,52.25,375153.85,2018,Aceh,6.220931506849315,2270.64,24.042904109589042,26.17,21.87,87.12649315068492
aceh barat daya,14907.04,61.61,91836.92,2018,Aceh,8.135780821917809,2969.56,25.20186301369863,26.91,23.18,82.33043835616438
gayo lues,6210.54,46.34,28778.99,2018,Aceh,6.375561643835616,2327.08,19.48178082191781,21.19,17.27,89.10301369863014
aceh tamiang,12199.57,48.16,58755.73,2018,Aceh,4.820958904109589,1759.65,25.27276712328767,27.6,23.19,85.7706301369863
nagan raya,8774.15,55.21,48442.91,2018,Aceh,7.743972602739727,2826.55,26.38350684931507,27.96,24.56,83.77698630136986
aceh jaya,12363.21,53.26,65841.73,2018,Aceh,7.760931506849315,2832.74,27.49221917808219,29.45,25.19,80.34545205479452
bener meriah,482.89,50.43,2435.45,2018,Aceh,7.9940273972602744,2917.82,19.67895890410959,21.76,17.33,89.4221095890411
pidie jaya,16089.39,61.42,98828.56,2018,Aceh,7.437616438356164,2714.73,22.6973698630137,24.37,20.37,89.53608219178082
banda aceh,19.91,54.89,109.28,2018,Aceh,6.978246575342466,2547.06,26.81906849315068,28.74,25.13,79.80945205479452
langsa,1161.86,44.39,5157.95,2018,Aceh,4.523506849315068,1651.08,27.475506849315067,29.5,25.26,79.90161643835617
lhokseumawe,2233.36,46.05,10283.57,2018,Aceh,6.220931506849315,2270.64,24.042904109589042,26.17,21.87,87.12649315068492
subulussalam,440.51,55.41,2440.92,2018,Aceh,8.945698630136986,3265.18,23.804,25.74,21.43,88.00112328767123
simeulue,4251.19,32.97,14017.31,2019,Aceh,4.890438356164384,1785.01,28.13104109589041,29.59,25.85,79.00635616438356
aceh singkil,911.66,55.38,5048.72,2019,Aceh,7.689013698630136,2806.49,27.825397260273974,29.12,25.77,79.95317808219178
aceh selatan,8607.52,51.1,43980.43,2019,Aceh,6.175835616438356,2254.18,25.554,27.24,23.58,85.51679452054795
aceh tenggara,10590.02,66.4,70313.4,2019,Aceh,6.047835616438356,2207.46,21.038958904109588,22.92,19.32,89.34619178082193
aceh timur,28567.22,44.85,128126.1,2019,Aceh,3.448931506849315,1258.86,27.894246575342464,29.79,26.13,78.69917808219178
aceh tengah,4797.25,51.25,24583.49,2019,Aceh,5.6968493150684925,2079.35,20.080164383561645,22.19,17.87,88.68816438356164
aceh barat,12624.05,42.83,54072.16,2019,Aceh,6.128876712328767,2237.04,26.726246575342465,28.4,24.75,83.66860273972603
aceh besar,32883.77,57.05,187596.67,2019,Aceh,5.267616438356165,1922.68,27.193753424657533,29.06,25.4,79.27358904109589
pidie,40051.96,61.93,248059.62,2019,Aceh,5.526739726027397,2017.26,23.063424657534245,24.94,21.32,88.79580821917808
bireuen,26871.88,63.7,171161.97,2019,Aceh,4.282575342465754,1563.14,24.417561643835615,26.27,22.75,86.17780821917809
aceh utara,72228.36,54.89,396467.64,2019,Aceh,4.282575342465754,1563.14,24.417561643835615,26.27,22.75,86.17780821917809
aceh barat daya,10497.29,69.52,72980.53,2019,Aceh,7.1272602739726025,2601.45,25.522931506849318,27.14,23.63,83.12890410958904
gayo lues,5723.33,49.47,28312.69,2019,Aceh,5.220356164383562,1905.43,19.860383561643836,21.67,17.77,88.8502191780822
aceh tamiang,14748.01,48.11,70958.62,2019,Aceh,3.8734520547945204,1413.81,25.733780821917808,27.74,23.38,84.19676712328767
nagan raya,7270.7,51.52,37457.89,2019,Aceh,6.128876712328767,2237.04,26.726246575342465,28.4,24.75,83.66860273972603
aceh jaya,9182.53,51.46,47252.94,2019,Aceh,6.039561643835617,2204.44,27.832438356164385,29.88,25.74,79.74060273972603
bener meriah,429.0,55.44,2378.24,2019,Aceh,5.6968493150684925,2079.35,20.080164383561645,22.19,17.87,88.68816438356164
pidie jaya,15770.99,59.04,93110.71,2019,Aceh,5.526739726027397,2017.26,23.063424657534245,24.94,21.32,88.79580821917808
banda aceh,13.35,52.35,69.88,2019,Aceh,5.267616438356165,1922.68,27.193753424657533,29.06,25.4,79.27358904109589
langsa,1537.21,41.2,6332.96,2019,Aceh,3.448931506849315,1258.86,27.894246575342464,29.79,26.13,78.69917808219178
lhokseumawe,2095.93,49.34,10342.2,2019,Aceh,4.282575342465754,1563.14,24.417561643835615,26.27,22.75,86.17780821917809
subulussalam,359.24,50.48,1813.43,2019,Aceh,8.147260273972602,2973.75,24.242986301369864,26.02,22.49,88.23756164383562
simeulue,5236.42,31.38,16430.86,2020,Aceh,6.745054644808743,2468.69,28.19133879781421,30.06,26.21,77.55390710382514
aceh singkil,747.15,50.97,3808.19,2020,Aceh,8.398469945355192,3073.84,27.84136612021858,29.83,25.91,78.8255737704918
aceh selatan,9872.89,54.0,53313.52,2020,Aceh,7.7603278688524595,2840.28,25.50726775956284,27.5,23.64,84.57562841530054
aceh tenggara,10508.56,63.72,66956.46,2020,Aceh,8.617103825136612,3153.86,20.862377049180328,22.75,18.88,89.18756830601093
aceh timur,29929.34,49.19,147215.29,2020,Aceh,5.500218579234972,2013.08,27.581584699453554,29.35,25.88,80.37792349726776
aceh tengah,3503.1,47.53,16649.77,2020,Aceh,9.650054644808744,3531.92,19.90860655737705,21.96,17.72,89.71822404371585
aceh barat,13832.38,45.54,62990.6,2020,Aceh,8.758688524590163,3205.68,26.619289617486338,28.46,24.26,82.9048087431694
aceh besar,32821.25,54.8,179856.23,2020,Aceh,7.247240437158471,2652.4900000000002,26.968579234972676,28.6,25.22,79.43491803278688
pidie,38887.61,63.4,246564.18,2020,Aceh,8.26204918032787,3023.91,22.818524590163936,24.54,20.85,89.38942622950819
bireuen,28017.62,66.01,184943.58,2020,Aceh,7.0828961748633885,2592.34,24.211885245901637,25.83,22.73,87.16081967213115
aceh utara,72332.73,53.67,388190.19,2020,Aceh,7.0828961748633885,2592.34,24.211885245901637,25.83,22.73,87.16081967213115
aceh barat daya,12054.78,57.09,68823.14,2020,Aceh,10.305218579234973,3771.71,25.463715846994535,27.54,23.59,81.98161202185793
gayo lues,6563.66,55.32,36309.25,2020,Aceh,8.38620218579235,3069.35,19.748415300546448,21.63,17.83,89.72112021857923
aceh tamiang,14985.19,46.75,70062.57,2020,Aceh,5.834153005464481,2135.3,25.57800546448087,27.7,23.01,85.02784153005464
nagan raya,8895.23,44.03,39168.32,2020,Aceh,8.758688524590163,3205.68,26.619289617486338,28.46,24.26,82.9048087431694
aceh jaya,9401.68,58.41,54913.79,2020,Aceh,8.294508196721312,3035.79,27.771584699453552,30.03,25.39,78.87448087431694
bener meriah,394.91,54.0,2132.65,2020,Aceh,9.650054644808744,3531.92,19.90860655737705,21.96,17.72,89.71822404371585
pidie jaya,15883.56,62.58,99405.96,2020,Aceh,8.26204918032787,3023.91,22.818524590163936,24.54,20.85,89.38942622950819
banda aceh,16.41,52.96,86.9,2020,Aceh,7.247240437158471,2652.4900000000002,26.968579234972676,28.6,25.22,79.43491803278688
langsa,1606.85,40.38,6489.0,2020,Aceh,5.500218579234972,2013.08,27.581584699453554,29.35,25.88,80.37792349726776
lhokseumawe,1960.59,55.31,10844.51,2020,Aceh,7.0828961748633885,2592.34,24.211885245901637,25.83,22.73,87.16081967213115
subulussalam,417.5,51.69,2158.11,2020,Aceh,8.82551912568306,3230.14,24.164508196721307,26.07,22.14,87.66860655737705
simeulue,5586.8,29.94,16728.21,2021,Aceh,6.862904109589041,2504.96,27.991780821917807,29.32,26.16,77.625698630137
aceh singkil,647.32,51.76,3350.51,2021,Aceh,8.578876712328768,3131.29,27.68621917808219,28.98,25.65,78.4186301369863
aceh selatan,8930.58,50.21,44839.8,2021,Aceh,7.963041095890412,2906.51,25.308821917808217,26.72,23.42,84.1821095890411
aceh tenggara,10644.51,61.59,65559.88,2021,Aceh,8.261150684931508,3015.32,20.623506849315067,22.51,18.76,88.6641095890411
aceh timur,27425.19,50.45,138347.01,2021,Aceh,6.148465753424658,2244.19,27.47605479452055,29.24,25.64,80.06556164383562
aceh tengah,3171.42,47.16,14956.46,2021,Aceh,8.391068493150684,3062.74,19.606328767123287,21.65,17.54,89.45564383561644
aceh barat,12522.87,51.39,64355.17,2021,Aceh,8.015068493150684,2925.5,26.461780821917806,27.9,24.4,82.47
aceh besar,35118.23,57.35,201408.49,2021,Aceh,8.66745205479452,3163.62,26.762739726027398,28.24,25.17,79.8321095890411
pidie,35947.06,56.57,203344.76,2021,Aceh,8.415890410958905,3071.8,22.602383561643837,24.41,20.72,89.36953424657534
bireuen,24525.54,61.32,150400.84,2021,Aceh,6.758657534246575,2466.91,24.022931506849318,25.49,22.49,87.02498630136986
aceh utara,62454.55,57.7,360353.4,2021,Aceh,6.758657534246575,2466.91,24.022931506849318,25.49,22.49,87.02498630136986
aceh barat daya,13373.22,54.58,72985.18,2021,Aceh,8.88682191780822,3243.69,25.272219178082192,26.69,23.36,81.19084931506849
gayo lues,4079.41,60.35,24618.49,2021,Aceh,7.76145205479452,2832.93,19.490164383561645,21.4,17.7,89.6209589041096
aceh tamiang,14186.99,48.75,69164.58,2021,Aceh,6.536054794520547,2385.66,25.260986301369865,27.06,23.33,86.20350684931506
nagan raya,8911.18,46.07,41056.31,2021,Aceh,8.015068493150684,2925.5,26.461780821917806,27.9,24.4,82.47
aceh jaya,9990.28,49.6,49550.64,2021,Aceh,6.581753424657535,2402.34,27.568027397260273,29.66,25.55,78.94558904109589
bener meriah,373.5,46.57,1739.39,2021,Aceh,8.391068493150684,3062.74,19.606328767123287,21.65,17.54,89.45564383561644
pidie jaya,15550.93,60.35,93842.7,2021,Aceh,8.415890410958905,3071.8,22.602383561643837,24.41,20.72,89.36953424657534
banda aceh,13.19,53.31,70.32,2021,Aceh,8.66745205479452,3163.62,26.762739726027398,28.24,25.17,79.8321095890411
langsa,1560.93,40.77,6364.37,2021,Aceh,6.148465753424658,2244.19,27.47605479452055,29.24,25.64,80.06556164383562
lhokseumawe,1902.81,57.0,10845.97,2021,Aceh,6.758657534246575,2466.91,24.022931506849318,25.49,22.49,87.02498630136986
subulussalam,141.87,53.37,757.12,2021,Aceh,8.961342465753424,3270.89,23.92109589041096,25.67,21.95,86.93813698630137
simeulue,4568.38,25.5,11648.15,2022,Aceh,6.932602739726027,2530.4,27.88054794520548,29.41,25.98,78.10986301369863
aceh singkil,398.8,55.26,2203.58,2022,Aceh,8.589863013698631,3135.3,27.564602739726027,29.18,25.65,78.69621917808219
aceh selatan,6780.36,44.67,30288.69,2022,Aceh,7.6776986301369865,2802.36,25.15890410958904,26.76,23.38,84.68865753424657
aceh tenggara,10572.44,65.72,69478.52,2022,Aceh,7.721013698630137,2818.17,20.457424657534247,22.28,18.59,89.23134246575341
aceh timur,24556.61,53.0,130151.43,2022,Aceh,6.183424657534246,2256.95,27.49805479452055,29.37,25.2,81.15509589041096
aceh tengah,2821.09,48.77,13757.16,2022,Aceh,9.006876712328769,3287.51,19.492191780821916,21.61,17.38,90.00024657534246
aceh barat,12703.03,49.7,63136.39,2022,Aceh,8.484602739726027,3096.88,26.371698630136986,28.13,24.3,83.29391780821918
aceh besar,35497.59,56.37,200097.22,2022,Aceh,7.925808219178083,2892.92,26.780547945205477,28.59,24.6,79.78358904109588
pidie,31167.2,60.46,188438.42,2022,Aceh,8.220520547945204,3000.49,22.560082191780822,24.33,20.49,89.64608219178082
bireuen,22512.74,60.88,137057.19,2022,Aceh,7.22227397260274,2636.13,24.048876712328767,26.03,22.18,87.43542465753424
aceh utara,54188.72,59.76,323839.47,2022,Aceh,7.22227397260274,2636.13,24.048876712328767,26.03,22.18,87.43542465753424
aceh barat daya,11814.76,57.85,68350.84,2022,Aceh,8.022301369863014,2928.14,25.171726027397263,26.7,23.33,81.63627397260274
gayo lues,4924.05,58.15,28634.5,2022,Aceh,7.828849315068494,2857.53,19.396602739726028,21.33,17.29,90.17167123287672
aceh tamiang,16139.14,37.12,59902.25,2022,Aceh,6.725890410958904,2454.95,25.26772602739726,27.34,22.97,87.26331506849316
nagan raya,6501.18,49.51,32185.63,2022,Aceh,8.484602739726027,3096.88,26.371698630136986,28.13,24.3,83.29391780821918
aceh jaya,9853.9,43.42,42784.33,2022,Aceh,8.068191780821918,2944.89,27.457753424657533,29.61,25.34,79.98504109589041
bener meriah,317.77,53.99,1715.62,2022,Aceh,9.006876712328769,3287.51,19.492191780821916,21.61,17.38,90.00024657534246
pidie jaya,12943.74,68.35,88469.06,2022,Aceh,8.220520547945204,3000.49,22.560082191780822,24.33,20.49,89.64608219178082
banda aceh,13.07,55.83,72.97,2022,Aceh,7.925808219178083,2892.92,26.780547945205477,28.59,24.6,79.78358904109588
langsa,1610.27,44.1,7101.39,2022,Aceh,6.183424657534246,2256.95,27.49805479452055,29.37,25.2,81.15509589041096
lhokseumawe,1812.04,54.63,9899.07,2022,Aceh,7.22227397260274,2636.13,24.048876712328767,26.03,22.18,87.43542465753424
subulussalam,53.28,45.9,244.58,2022,Aceh,9.297698630136987,3393.66,23.77041095890411,25.44,21.79,87.46871232876713
simeulue,5780.84,38.13,22042.94,2023,Aceh,5.814904109589041,2122.44,28.088054794520545,29.82,26.08,78.92068493150684
aceh singkil,568.49,45.55,2589.4,2023,Aceh,7.667342465753425,2798.58,27.794465753424657,29.74,25.72,79.79931506849314
aceh selatan,9437.58,49.11,46345.03,2023,Aceh,6.883342465753425,2512.42,25.514876712328768,27.6,23.41,85.75643835616438
aceh tenggara,10809.75,58.99,63764.22,2023,Aceh,7.4707123287671235,2726.81,21.04186301369863,23.45,18.77,89.65446575342466
aceh timur,20932.84,51.71,108241.39,2023,Aceh,5.020301369863014,1832.41,27.91043835616438,30.02,25.53,80.85443835616438
aceh tengah,2768.66,47.79,13230.39,2023,Aceh,8.357397260273972,3050.45,20.12917808219178,22.06,16.7,89.8064109589041
aceh barat,10428.34,52.08,54313.59,2023,Aceh,7.587506849315068,2769.44,26.710520547945205,28.89,24.08,84.27901369863014
aceh besar,29496.99,51.81,152831.03,2023,Aceh,6.639397260273973,2423.38,27.301260273972602,29.86,25.17,79.58564383561644
pidie,35041.24,64.48,225934.01,2023,Aceh,7.376657534246576,2692.48,23.136,24.99,20.85,89.6007397260274
bireuen,22234.26,60.01,133428.17,2023,Aceh,6.361561643835616,2321.97,24.492767123287674,26.79,21.99,87.64284931506849
aceh utara,44037.18,53.78,236839.84,2023,Aceh,6.361561643835616,2321.97,24.492767123287674,26.79,21.99,87.64284931506849
aceh barat daya,9821.66,54.53,53557.8,2023,Aceh,8.803479452054795,3213.27,25.523013698630137,27.66,23.87,82.90079452054795
gayo lues,4853.1,57.08,27701.99,2023,Aceh,7.005424657534246,2556.98,19.91690410958904,22.08,16.45,89.85038356164384
aceh tamiang,14641.18,44.73,65490.21,2023,Aceh,5.679150684931506,2072.89,25.63649315068493,27.7,23.36,86.95723287671233
nagan raya,8753.48,46.92,41075.25,2023,Aceh,7.587506849315068,2769.44,26.710520547945205,28.89,24.08,84.27901369863014
aceh jaya,9029.91,59.63,53843.97,2023,Aceh,6.961150684931507,2540.82,27.835260273972604,30.22,25.7,80.43531506849315
bener meriah,311.74,55.02,1715.26,2023,Aceh,8.357397260273972,3050.45,20.12917808219178,22.06,16.7,89.8064109589041
pidie jaya,11855.8,71.22,84438.5,2023,Aceh,7.376657534246576,2692.48,23.136,24.99,20.85,89.6007397260274
banda aceh,10.09,49.41,49.85,2023,Aceh,6.639397260273973,2423.38,27.301260273972602,29.86,25.17,79.58564383561644
langsa,1692.32,44.16,7473.79,2023,Aceh,5.020301369863014,1832.41,27.91043835616438,30.02,25.53,80.85443835616438
lhokseumawe,1758.58,52.33,9203.42,2023,Aceh,6.361561643835616,2321.97,24.492767123287674,26.79,21.99,87.64284931506849
subulussalam,23.35,53.43,124.77,2023,Aceh,8.337753424657535,3043.28,24.204630136986303,26.16,22.09,88.27934246575342
simeulue,6809.33,34.22,23304.21,2024,Aceh,6.831502732240437,2500.33,28.567076502732238,30.13,26.65,78.77431693989071
aceh singkil,477.29,37.9,1809.06,2024,Aceh,8.35204918032787,3056.85,28.208224043715845,29.72,26.18,79.72314207650273
aceh selatan,8660.18,46.44,40220.59,2024,Aceh,7.021857923497268,2570.0,25.927923497267763,27.79,23.5,85.57882513661202
aceh tenggara,11780.75,62.25,73335.46,2024,Aceh,7.35964480874317,2693.63,21.444972677595626,23.72,18.83,89.51959016393442
aceh timur,28474.38,51.55,146792.05,2024,Aceh,5.1949453551912566,1901.35,28.25226775956284,30.56,26.16,80.87346994535518
aceh tengah,2973.25,54.83,16301.49,2024,Aceh,7.9336612021857915,2903.72,20.519781420765028,23.06,18.1,89.74986338797814
aceh barat,12393.78,54.82,67942.01,2024,Aceh,7.9645081967213125,2915.01,27.1103825136612,29.23,24.99,84.1091256830601
aceh besar,34411.09,51.82,178318.81,2024,Aceh,5.322049180327869,1947.87,27.65718579234973,30.07,25.82,79.50909836065574
pidie,38255.8,62.62,239555.09,2024,Aceh,6.452349726775956,2361.56,23.461666666666666,25.66,21.26,89.83117486338797
bireuen,26385.77,60.71,160178.81,2024,Aceh,5.549781420765028,2031.22,24.885273224043715,27.32,23.06,87.41989071038252
aceh utara,61388.38,56.09,344303.81,2024,Aceh,5.549781420765028,2031.22,24.885273224043715,27.32,23.06,87.41989071038252
aceh barat daya,11834.21,55.15,65264.23,2024,Aceh,8.643415300546447,3163.49,25.95789617486339,27.96,23.69,82.74043715846994
gayo lues,4461.97,51.46,22961.01,2024,Aceh,6.971748633879781,2551.66,20.325928961748634,22.81,18.11,89.70778688524591
aceh tamiang,14990.98,47.48,71172.21,2024,Aceh,5.690573770491803,2082.75,26.068606557377052,28.35,23.9,86.66535519125684
nagan raya,9234.82,38.66,35701.39,2024,Aceh,7.9645081967213125,2915.01,27.1103825136612,29.23,24.99,84.1091256830601
aceh jaya,9772.05,53.86,52636.91,2024,Aceh,7.936256830601093,2904.67,28.213333333333335,30.49,26.08,80.51286885245901
bener meriah,287.83,48.93,1408.35,2024,Aceh,7.9336612021857915,2903.72,20.519781420765028,23.06,18.1,89.74986338797814
pidie jaya,15204.8,67.7,102934.34,2024,Aceh,6.452349726775956,2361.56,23.461666666666666,25.66,21.26,89.83117486338797
banda aceh,12.89,50.79,65.49,2024,Aceh,5.322049180327869,1947.87,27.65718579234973,30.07,25.82,79.50909836065574
langsa,1579.12,50.38,7956.06,2024,Aceh,5.1949453551912566,1901.35,28.25226775956284,30.56,26.16,80.87346994535518
lhokseumawe,1781.45,43.17,7690.1,2024,Aceh,5.549781420765028,2031.22,24.885273224043715,27.32,23.06,87.41989071038252
subulussalam,26.22,43.78,114.8,2024,Aceh,8.825819672131148,3230.25,24.57426229508197,26.39,22.44,88.14781420765027
simeulue,7485.0,33.07,24754.0,2025,Aceh,5.51172602739726,2011.78,28.239698630136985,29.54,26.49,78.64298630136986
aceh singkil,291.0,38.23,1112.0,2025,Aceh,7.995178082191781,2918.24,27.884493150684932,29.31,25.84,79.13098630136987
aceh selatan,8582.0,55.34,47494.0,2025,Aceh,7.234684931506849,2640.66,25.518191780821915,26.94,23.73,84.51632876712328
aceh tenggara,10322.0,63.08,65112.0,2025,Aceh,7.72695890410959,2820.34,20.767260273972603,22.54,18.27,88.30279452054795
aceh timur,29390.0,51.05,150040.0,2025,Aceh,7.071452054794521,2581.08,27.856849315068494,29.71,25.46,81.01553424657534
aceh tengah,2486.0,60.87,15135.0,2025,Aceh,9.494219178082192,3465.39,19.829780821917808,21.92,17.52,88.81424657534247
aceh barat,15155.0,53.53,81123.0,2025,Aceh,6.848986301369863,2499.88,26.77531506849315,28.42,24.64,83.30306849315068
aceh besar,29943.0,55.36,165764.0,2025,Aceh,6.896767123287671,2517.32,27.114438356164385,28.53,24.93,80.2342191780822
pidie,43252.0,61.99,268134.0,2025,Aceh,8.041397260273973,2935.11,22.96153424657534,24.83,20.79,88.89076712328767
bireuen,21188.0,57.91,122708.0,2025,Aceh,7.720082191780822,2817.83,24.371479452054796,26.1,21.98,86.77923287671233
aceh utara,52937.0,58.4,309151.0,2025,Aceh,7.720082191780822,2817.83,24.371479452054796,26.1,21.98,86.77923287671233
aceh barat daya,11895.0,66.77,79429.0,2025,Aceh,7.232986301369863,2640.04,25.52827397260274,27.13,23.56,81.37353424657535
gayo lues,4695.0,49.2,23102.0,2025,Aceh,8.267287671232877,3017.56,19.662493150684934,21.32,17.22,88.93964383561644
aceh tamiang,14338.0,49.99,71678.0,2025,Aceh,7.2654794520547945,2651.9,25.604465753424655,27.33,23.57,86.64991780821919
nagan raya,6284.0,45.19,28397.0,2025,Aceh,6.848986301369863,2499.88,26.77531506849315,28.42,24.64,83.30306849315068
aceh jaya,7570.0,60.33,45672.0,2025,Aceh,6.459369863013698,2357.67,27.933287671232875,29.67,25.8,79.73775342465753
bener meriah,281.0,51.81,1457.0,2025,Aceh,9.494219178082192,3465.39,19.829780821917808,21.92,17.52,88.81424657534247
pidie jaya,13389.0,71.86,96205.0,2025,Aceh,8.041397260273973,2935.11,22.96153424657534,24.83,20.79,88.89076712328767
banda aceh,16.0,50.68,83.0,2025,Aceh,6.896767123287671,2517.32,27.114438356164385,28.53,24.93,80.2342191780822
sabang,3.0,44.87,13.0,2025,Aceh,5.831150684931506,2128.37,28.447753424657535,30.21,26.48,79.53476712328766
langsa,1985.0,49.93,9912.0,2025,Aceh,7.071452054794521,2581.08,27.856849315068494,29.71,25.46,81.01553424657534
lhokseumawe,1550.0,51.76,8020.0,2025,Aceh,7.720082191780822,2817.83,24.371479452054796,26.1,21.98,86.77923287671233
subulussalam,142.0,49.63,704.0,2025,Aceh,8.645671232876712,3155.67,24.076520547945208,25.74,22.32,87.37901369863013
pandeglang,96432.95,48.07,463563.57,2018,Banten,6.513945205479453,2377.59,27.16304109589041,28.68,25.09,81.10219178082191
lebak,87014.25,46.6,405487.31,2018,Banten,5.876849315068494,2145.05,25.6813698630137,27.82,23.26,83.28060273972604
tangerang,67552.26,47.16,318582.88,2018,Banten,5.433109589041096,3966.17,26.57945205479452,29.7,23.26,81.61987671232878
serang,79738.17,52.68,420047.03,2018,Banten,5.825232876712329,4252.42,27.30449315068493,28.87,25.71,80.28356164383561
tangerang,764.32,51.07,3903.54,2018,Banten,5.433109589041096,3966.17,26.57945205479452,29.7,23.26,81.61987671232878
cilegon,1737.24,48.06,8348.6,2018,Banten,5.825232876712329,2126.21,27.30449315068493,28.87,25.71,80.28356164383561
serang,11583.65,58.52,67784.78,2018,Banten,5.825232876712329,4252.42,27.30449315068493,28.87,25.71,80.28356164383561
tangerang selatan,13.22,49.61,65.59,2019,Banten,5.790657534246575,2113.59,25.20117808219178,27.65,22.33,81.90191780821918
pandeglang,83996.17,49.91,419229.97,2019,Banten,5.225260273972602,1907.22,27.28109589041096,28.98,24.56,80.01531506849315
lebak,78398.93,44.5,348869.03,2019,Banten,5.314712328767123,1939.87,26.071150684931506,28.32,22.66,81.09835616438356
tangerang,54913.73,50.38,276627.35,2019,Banten,5.2375342465753425,3823.4,26.892068493150685,29.44,22.66,79.9834794520548
serang,72559.52,47.57,345163.17,2019,Banten,5.21386301369863,3806.12,27.646164383561644,29.25,25.16,78.59887671232877
tangerang,553.31,63.2,3496.82,2019,Banten,5.2375342465753425,3823.4,26.892068493150685,29.44,22.66,79.9834794520548
cilegon,1753.43,55.62,9751.86,2019,Banten,5.21386301369863,1903.06,27.646164383561644,29.25,25.16,78.59887671232877
serang,11552.6,58.29,67344.61,2019,Banten,5.21386301369863,3806.12,27.646164383561644,29.25,25.16,78.59887671232877
tangerang selatan,4.11,49.98,20.54,2019,Banten,5.790657534246575,2113.59,25.20117808219178,27.65,22.33,81.90191780821918
pandeglang,82104.95,54.08,444025.8,2020,Banten,10.665300546448087,3903.5,27.49830601092896,29.03,25.6,82.95396174863389
lebak,81413.36,49.48,402870.63,2020,Banten,8.712704918032786,3188.85,25.870737704918035,27.21,23.92,86.35024590163934
tangerang,63037.16,52.16,328825.23,2020,Banten,8.035901639344262,5882.28,26.718155737704915,28.76,23.92,84.70080601092896
serang,82397.42,47.57,391973.23,2020,Banten,7.9728415300546445,5836.12,27.40472677595628,28.72,26.04,83.3651912568306
tangerang,822.73,57.7,4747.24,2020,Banten,8.035901639344262,5882.28,26.718155737704915,28.76,23.92,84.70080601092896
cilegon,1895.05,51.26,9714.09,2020,Banten,7.9728415300546445,2918.06,27.40472677595628,28.72,26.04,83.3651912568306
serang,13662.57,53.44,73013.87,2020,Banten,7.9728415300546445,5836.12,27.40472677595628,28.72,26.04,83.3651912568306
pandeglang,85561.46,50.73,434087.91,2021,Banten,8.30868493150685,3032.67,27.316931506849315,28.66,26.17,82.81391780821919
lebak,75286.68,50.42,379567.82,2021,Banten,8.477013698630138,3094.11,25.586301369863012,27.03,23.93,86.6381095890411
tangerang,64616.0,50.63,327151.31,2021,Banten,8.278493150684932,6043.3,26.456561643835617,28.97,23.93,84.94264383561644
serang,78827.17,48.63,383353.44,2021,Banten,8.669643835616439,6328.84,27.166383561643833,28.47,25.75,83.46405479452055
tangerang,582.8,52.98,3087.95,2021,Banten,8.278493150684932,6043.3,26.456561643835617,28.97,23.93,84.94264383561644
cilegon,1719.87,52.55,9037.99,2021,Banten,8.669643835616439,3164.42,27.166383561643833,28.47,25.75,83.46405479452055
serang,11654.48,57.45,66960.58,2021,Banten,8.669643835616439,6328.84,27.166383561643833,28.47,25.75,83.46405479452055
pandeglang,95925.14,57.67,553202.57,2022,Banten,7.947561643835617,2900.86,27.185287671232874,28.54,25.91,83.31939726027397
lebak,82353.92,52.26,430413.56,2022,Banten,7.258328767123287,2649.29,25.470246575342465,27.03,23.77,87.03191780821918
tangerang,61015.22,47.5,289798.4,2022,Banten,6.8451506849315065,4996.96,26.375876712328765,28.77,23.77,85.07313698630136
serang,84760.35,52.7,446654.32,2022,Banten,6.704904109589041,4894.58,27.076986301369864,28.38,25.98,83.65797260273972
tangerang,610.11,56.14,3424.91,2022,Banten,6.8451506849315065,4996.96,26.375876712328765,28.77,23.77,85.07313698630136
cilegon,1719.38,52.93,9101.37,2022,Banten,6.704904109589041,2447.29,27.076986301369864,28.38,25.98,83.65797260273972
serang,10856.62,51.57,55987.47,2022,Banten,6.704904109589041,4894.58,27.076986301369864,28.38,25.98,83.65797260273972
pandeglang,87157.84,55.19,481001.54,2023,Banten,4.872356164383562,1778.41,27.31282191780822,29.04,25.46,81.56509589041096
lebak,78300.16,50.65,396558.51,2023,Banten,4.966054794520548,1812.61,26.019369863013697,28.67,24.14,83.13117808219178
tangerang,55304.56,52.45,290083.09,2023,Banten,4.708383561643836,3437.12,26.91641095890411,30.04,24.14,81.57439726027397
serang,77724.63,57.78,449067.08,2023,Banten,5.250821917808219,3833.1,27.631424657534243,29.76,25.68,80.26706849315069
tangerang,524.62,62.19,3262.85,2023,Banten,4.708383561643836,3437.12,26.91641095890411,30.04,24.14,81.57439726027397
cilegon,1686.96,53.25,8982.9,2023,Banten,5.250821917808219,1916.55,27.631424657534243,29.76,25.68,80.26706849315069
serang,10500.96,54.78,57527.32,2023,Banten,5.250821917808219,3833.1,27.631424657534243,29.76,25.68,80.26706849315069
pandeglang,77466.21,53.52,414576.37,2024,Banten,7.808387978142076,2857.87,27.881338797814205,29.34,26.04,82.13207650273225
lebak,74016.18,48.23,357013.22,2024,Banten,7.926857923497268,2901.23,26.36830601092896,27.84,24.21,84.79161202185792
tangerang,58366.18,51.17,298677.72,2024,Banten,7.239849726775956,5299.57,27.251898907103826,29.42,24.21,83.02439890710383
serang,75987.48,53.84,409149.71,2024,Banten,7.253524590163934,5309.58,27.985054644808745,29.29,26.61,81.3444262295082
tangerang,435.58,62.17,2708.06,2024,Banten,7.239849726775956,5299.57,27.251898907103826,29.42,24.21,83.02439890710383
cilegon,1809.05,53.07,9599.79,2024,Banten,7.253524590163934,2654.79,27.985054644808745,29.29,26.61,81.3444262295082
serang,11010.11,53.49,58898.59,2024,Banten,7.253524590163934,5309.58,27.985054644808745,29.29,26.61,81.3444262295082
pandeglang,105490.0,52.42,552983.0,2025,Banten,8.849561643835617,3230.09,27.571972602739727,29.03,26.22,83.00602739726028
lebak,88819.0,47.62,422943.0,2025,Banten,7.991863013698631,2917.03,25.823123287671233,27.28,24.31,86.63213698630138
tangerang,58298.0,52.8,307816.0,2025,Banten,8.003027397260274,5842.21,26.72890410958904,29.07,24.31,84.7664794520548
serang,79503.0,52.8,419792.0,2025,Banten,8.283369863013698,6046.86,27.444410958904108,28.65,26.18,83.40972602739726
tangerang,164.0,62.36,1025.0,2025,Banten,8.003027397260274,5842.21,26.72890410958904,29.07,24.31,84.7664794520548
cilegon,1664.0,50.57,8413.0,2025,Banten,8.283369863013698,3023.43,27.444410958904108,28.65,26.18,83.40972602739726
serang,11482.0,53.17,61045.0,2025,Banten,8.283369863013698,6046.86,27.444410958904108,28.65,26.18,83.40972602739726
bengkulu selatan,12.53,44.0,55.559,2018,Bengkulu,10.087260273972602,3681.85,24.61158904109589,26.55,22.84,86.29090410958904
rejang lebong,5.451,45.0,24.418,2018,Bengkulu,8.561808219178083,3125.06,23.118986301369866,24.54,20.89,89.47745205479453
bengkulu utara,5.224,40.0,20.785,2018,Bengkulu,8.286301369863013,3024.5,23.487013698630136,25.19,21.03,88.50101369863013
kaur,8.246,40.0,32.764,2018,Bengkulu,6.985342465753425,2549.65,23.318301369863015,24.96,21.52,87.25169863013699
seluma,13.316,39.0,52.245,2018,Bengkulu,9.773671232876712,3567.39,25.836438356164383,27.62,24.06,85.86630136986301
mukomuko,5.571,56.0,31.469,2018,Bengkulu,7.3268219178082195,2674.29,24.860958904109587,26.57,22.6,87.07005479452054
lebong,8.456,49.0,41.113,2018,Bengkulu,7.707068493150684,2813.08,23.140136986301368,24.84,20.44,89.08545205479452
kepahiang,3.94,45.0,17.611,2018,Bengkulu,8.561808219178083,3125.06,23.118986301369866,24.54,20.89,89.47745205479453
bengkulu tengah,2.125,37.0,7.941,2018,Bengkulu,8.561808219178083,3125.06,23.118986301369866,24.54,20.89,89.47745205479453
bengkulu,1.033,47.0,4.905,2018,Bengkulu,9.773671232876712,3567.39,25.836438356164383,27.62,24.06,85.86630136986301
bengkulu selatan,13.748,42.0,57.159,2019,Bengkulu,8.088575342465754,2952.33,24.829369863013696,26.6,22.42,84.22980821917808
rejang lebong,5.568,50.0,28.018,2019,Bengkulu,5.954520547945206,2173.4,23.598383561643836,25.61,20.49,86.90983561643836
bengkulu utara,5.897,44.0,25.992,2019,Bengkulu,6.42345205479452,2344.56,23.82035616438356,25.34,20.61,87.22049315068493
kaur,6.572,40.0,26.004,2019,Bengkulu,6.029150684931507,2200.64,24.025178082191783,26.65,21.44,82.77383561643836
seluma,11.85,38.0,44.508,2019,Bengkulu,6.795260273972603,2480.27,26.059506849315067,27.77,23.55,83.90928767123287
mukomuko,4.408,55.0,24.21,2019,Bengkulu,7.016712328767123,2561.1,25.05427397260274,26.87,21.95,86.88095890410959
lebong,9.444,62.0,58.244,2019,Bengkulu,5.901397260273972,2154.0099999999998,23.539616438356163,25.08,21.12,87.5485205479452
kepahiang,3.937,50.0,19.856,2019,Bengkulu,5.954520547945206,2173.4,23.598383561643836,25.61,20.49,86.90983561643836
bengkulu tengah,2.025,37.0,7.525,2019,Bengkulu,5.954520547945206,2173.4,23.598383561643836,25.61,20.49,86.90983561643836
bengkulu,957.0,52.0,4.957,2019,Bengkulu,6.795260273972603,2480.27,26.059506849315067,27.77,23.55,83.90928767123287
bengkulu selatan,13.662,44.0,59.492,2020,Bengkulu,12.904262295081967,4722.96,25.0379781420765,26.9,23.08,85.71601092896175
rejang lebong,5.182,53.0,27.428,2020,Bengkulu,10.56655737704918,3867.36,23.469153005464477,25.08,21.13,89.13300546448087
bengkulu utara,5.111,46.0,23.367,2020,Bengkulu,9.203005464480874,3368.3,23.88158469945355,25.73,21.05,87.48103825136613
kaur,7.525,40.0,30.209,2020,Bengkulu,9.465409836065573,3464.34,23.53153005464481,25.05,21.45,88.67278688524591
seluma,11.629,38.0,43.758,2020,Bengkulu,11.404918032786885,4174.2,26.309071038251368,28.27,24.33,84.82158469945355
mukomuko,6.323,59.0,37.105,2020,Bengkulu,7.8775956284153,2883.2,25.2848087431694,27.28,22.28,85.96775956284154
lebong,8.222,51.0,41.898,2020,Bengkulu,9.34795081967213,3421.35,23.41002732240437,25.01,21.02,89.16273224043717
kepahiang,3.479,47.0,16.27,2020,Bengkulu,10.56655737704918,3867.36,23.469153005464477,25.08,21.13,89.13300546448087
bengkulu tengah,1.787,40.0,7.061,2020,Bengkulu,10.56655737704918,3867.36,23.469153005464477,25.08,21.13,89.13300546448087
bengkulu,1.217,51.0,6.246,2020,Bengkulu,11.404918032786885,4174.2,26.309071038251368,28.27,24.33,84.82158469945355
bengkulu selatan,12.085,48.0,58.495,2021,Bengkulu,11.797205479452053,4305.98,24.746246575342465,26.85,22.88,86.04695890410959
rejang lebong,5.407,52.0,28.068,2021,Bengkulu,9.217506849315068,3364.39,23.17967123287671,24.71,21.01,89.47654794520548
bengkulu utara,3.649,43.0,15.701,2021,Bengkulu,8.405561643835616,3068.03,23.533726027397257,25.45,21.35,88.13013698630137
kaur,5.426,43.0,23.38,2021,Bengkulu,8.42945205479452,3076.75,23.330219178082192,24.73,21.53,88.48035616438356
seluma,11.382,43.0,49.274,2021,Bengkulu,10.541287671232878,3847.57,25.952164383561644,27.85,24.24,85.33736986301369
mukomuko,3.753,56.0,20.945,2021,Bengkulu,7.625479452054795,2783.3,24.936931506849312,26.49,22.7,86.34756164383562
lebong,7.83,61.0,47.659,2021,Bengkulu,8.402657534246575,3066.97,23.200849315068492,24.51,21.04,89.36964383561643
kepahiang,3.127,46.0,14.365,2021,Bengkulu,9.217506849315068,3364.39,23.17967123287671,24.71,21.01,89.47654794520548
bengkulu tengah,1.828,39.0,7.098,2021,Bengkulu,9.217506849315068,3364.39,23.17967123287671,24.71,21.01,89.47654794520548
bengkulu,1.218,50.0,6.132,2021,Bengkulu,10.541287671232878,3847.57,25.952164383561644,27.85,24.24,85.33736986301369
bengkulu selatan,10.625,47.0,50.238,2022,Bengkulu,11.788876712328767,4302.94,24.512328767123286,26.59,22.79,86.7053698630137
rejang lebong,7.739,46.0,35.899,2022,Bengkulu,10.744712328767124,3921.82,23.077479452054796,24.98,21.57,89.52380821917808
bengkulu utara,4.091,48.0,19.728,2022,Bengkulu,8.586684931506849,3134.14,23.38024657534247,25.24,21.65,88.20169863013699
kaur,5.123,47.0,24.208,2022,Bengkulu,8.321205479452056,3037.2400000000002,23.265561643835618,25.13,21.5,88.466
seluma,10.75,41.0,43.588,2022,Bengkulu,11.978438356164384,4372.13,25.767890410958906,27.98,24.24,85.8398904109589
mukomuko,5.469,57.0,31.371,2022,Bengkulu,6.251616438356165,2281.84,24.856054794520546,26.69,23.23,85.94350684931507
lebong,7.746,65.0,50.511,2022,Bengkulu,8.871643835616439,3238.15,23.204219178082194,24.92,21.51,88.79243835616438
kepahiang,3.09,49.0,14.986,2022,Bengkulu,10.744712328767124,3921.82,23.077479452054796,24.98,21.57,89.52380821917808
bengkulu tengah,1.328,40.0,5.271,2022,Bengkulu,10.744712328767124,3921.82,23.077479452054796,24.98,21.57,89.52380821917808
bengkulu,1.191,49.0,5.81,2022,Bengkulu,11.978438356164384,4372.13,25.767890410958906,27.98,24.24,85.8398904109589
bengkulu selatan,10.771,47.0,50.249,2023,Bengkulu,7.701315068493151,2810.98,24.792410958904107,26.96,23.15,86.46586301369864
rejang lebong,7.511,49.0,36.889,2023,Bengkulu,5.496520547945206,2006.23,23.647287671232878,25.59,21.58,88.1638904109589
bengkulu utara,4.12,47.0,19.184,2023,Bengkulu,6.008712328767123,2193.18,23.828958904109587,25.6,21.96,88.27328767123288
kaur,6.354,41.0,26.239,2023,Bengkulu,5.906520547945206,2155.88,23.919890410958903,26.59,21.79,85.75293150684931
seluma,9.583,45.0,43.234,2023,Bengkulu,6.1678356164383565,2251.26,25.968164383561643,28.12,23.89,86.00523287671233
mukomuko,4.749,57.0,26.984,2023,Bengkulu,6.125397260273973,2235.77,25.054301369863012,27.03,23.23,87.5028493150685
lebong,7.585,60.0,45.413,2023,Bengkulu,5.441561643835617,1986.17,23.70953424657534,25.41,21.68,88.01849315068493
kepahiang,3.83,50.0,19.066,2023,Bengkulu,5.496520547945206,2006.23,23.647287671232878,25.59,21.58,88.1638904109589
bengkulu tengah,1.213,40.0,4.818,2023,Bengkulu,5.496520547945206,2006.23,23.647287671232878,25.59,21.58,88.1638904109589
bengkulu,1.088,48.0,5.235,2023,Bengkulu,6.1678356164383565,2251.26,25.968164383561643,28.12,23.89,86.00523287671233
bengkulu selatan,9.849,45.0,44.297,2024,Bengkulu,12.860163934426229,4706.82,25.41825136612022,27.51,23.41,86.07948087431694
rejang lebong,6.107,47.0,28.617,2024,Bengkulu,10.144508196721311,3712.89,24.00237704918033,25.91,21.91,88.92158469945355
bengkulu utara,3.334,44.0,14.597,2024,Bengkulu,8.755300546448087,3204.44,24.330437158469948,25.96,21.99,88.23849726775957
kaur,6.541,43.0,28.343,2024,Bengkulu,8.41672131147541,3080.52,24.200327868852458,26.36,22.23,86.8377868852459
seluma,9.979,44.0,44.287,2024,Bengkulu,11.554562841530055,4228.97,26.704125683060106,28.65,24.77,85.11166666666666
mukomuko,4.928,58.0,28.495,2024,Bengkulu,8.039508196721311,2942.46,25.67795081967213,27.77,23.39,87.0275956284153
lebong,9.496,62.0,59.331,2024,Bengkulu,8.82863387978142,3231.2799999999997,23.976530054644808,25.68,21.62,88.8925956284153
kepahiang,3.971,46.0,18.223,2024,Bengkulu,10.144508196721311,3712.89,24.00237704918033,25.91,21.91,88.92158469945355
bengkulu tengah,815.0,36.0,2.973,2024,Bengkulu,10.144508196721311,3712.89,24.00237704918033,25.91,21.91,88.92158469945355
bengkulu,755.0,49.0,3.694,2024,Bengkulu,11.554562841530055,4228.97,26.704125683060106,28.65,24.77,85.11166666666666
yogyakarta,26.02,55.66,144.82,2018,DI Yogyakarta,5.40668493150685,1973.44,25.85304109589041,27.7,23.12,81.45161643835617
yogyakarta,20.77,51.82,107.62,2019,DI Yogyakarta,4.585260273972603,1673.62,26.072109589041094,29.14,23.31,80.13997260273973
yogyakarta,12.98,52.71,68.42,2020,DI Yogyakarta,8.007295081967213,2930.67,26.202540983606553,28.16,23.26,84.66306010928962
yogyakarta,5.9,52.88,31.2,2021,DI Yogyakarta,7.827342465753425,2856.98,25.973835616438357,27.7,24.17,85.01350684931506
yogyakarta,8.26,52.17,43.09,2022,DI Yogyakarta,7.383616438356165,2695.02,25.933397260273974,27.85,23.21,85.81383561643835
yogyakarta,7.08,50.96,36.08,2023,DI Yogyakarta,5.094849315068493,1859.6200000000001,25.916986301369864,28.88,23.2,82.92323287671233
yogyakarta,11.43,51.0,58.29,2024,DI Yogyakarta,7.042677595628415,2577.62,26.435300546448087,28.16,23.35,84.7558743169399
yogyakarta,16.0,53.96,88.0,2025,DI Yogyakarta,8.12068493150685,2964.05,26.16421917808219,27.89,23.34,85.63580821917809
jakarta timur,33.92,59.49,201.8,2018,DKI Jakarta,4.989369863013699,1821.12,27.477534246575342,29.7,25.65,79.9591506849315
jakarta barat,30.69,62.17,190.8,2018,DKI Jakarta,4.989369863013699,1821.12,27.477534246575342,29.7,25.65,79.9591506849315
jakarta timur,41.91,59.42,249.01,2019,DKI Jakarta,5.160356164383561,1883.53,27.712986301369863,29.44,25.44,78.86860273972603
jakarta barat,27.27,59.49,162.22,2019,DKI Jakarta,5.160356164383561,1883.53,27.712986301369863,29.44,25.44,78.86860273972603
jakarta timur,29.11,57.45,167.25,2020,DKI Jakarta,7.359098360655738,2693.43,27.565573770491802,28.76,26.16,83.05136612021857
jakarta barat,93.67,54.66,511.97,2020,DKI Jakarta,7.359098360655738,2693.43,27.565573770491802,28.76,26.16,83.05136612021857
jakarta timur,37.93,57.67,218.75,2021,DKI Jakarta,8.079972602739726,2949.19,27.32682191780822,28.97,25.7,83.24717808219178
jakarta barat,42.39,61.57,260.98,2021,DKI Jakarta,8.079972602739726,2949.19,27.32682191780822,28.97,25.7,83.24717808219178
jakarta timur,33.54,55.88,187.41,2022,DKI Jakarta,6.431972602739727,2347.67,27.28150684931507,28.77,26.04,83.11435616438357
jakarta barat,37.85,47.88,181.21,2022,DKI Jakarta,6.431972602739727,2347.67,27.28150684931507,28.77,26.04,83.11435616438357
jakarta timur,45.4,55.32,251.17,2023,DKI Jakarta,4.450712328767123,1624.51,27.81345205479452,30.04,25.48,80.01761643835617
jakarta barat,36.33,50.74,184.35,2023,DKI Jakarta,4.450712328767123,1624.51,27.81345205479452,30.04,25.48,80.01761643835617
jakarta timur,28.31,56.05,158.68,2024,DKI Jakarta,6.552841530054645,2398.34,28.13549180327869,29.42,26.27,81.25718579234973
jakarta barat,27.25,51.65,140.75,2024,DKI Jakarta,6.552841530054645,2398.34,28.13549180327869,29.42,26.27,81.25718579234973
jakarta timur,25.0,54.81,137.0,2025,DKI Jakarta,8.014191780821918,2925.18,27.63468493150685,29.07,26.13,82.90082191780822
jakarta barat,55.0,54.8,300.0,2025,DKI Jakarta,8.014191780821918,2925.18,27.63468493150685,29.07,26.13,82.90082191780822
bogor,61617.01,56.59,348683.62,2018,Jawa Barat,5.707780821917809,4166.68,24.854684931506846,27.04,22.15,83.70443835616437
sukabumi,102963.67,51.07,525859.03,2018,Jawa Barat,6.907383561643836,5042.39,24.800821917808218,27.63,20.39,85.01616438356164
cianjur,124685.4,55.88,696725.99,2018,Jawa Barat,7.183095890410959,2621.83,23.740246575342468,25.5,20.39,86.36101369863013
bandung,54427.68,57.85,314869.16,2018,Jawa Barat,7.6656438356164385,5595.92,21.35978082191781,23.12,17.9,87.62654794520547
garut,80402.15,55.92,449584.54,2018,Jawa Barat,6.3249589041095895,2308.61,22.581917808219178,24.5,18.78,86.76093150684932
tasikmalaya,88756.44,57.47,510048.82,2018,Jawa Barat,9.185369863013698,6705.32,23.54813698630137,25.54,19.63,88.81024657534248
ciamis,55153.36,57.33,316212.98,2018,Jawa Barat,9.185369863013698,3352.66,23.54813698630137,25.54,19.63,88.81024657534248
kuningan,51501.89,61.05,314443.94,2018,Jawa Barat,5.342191780821918,1949.9,24.858246575342466,27.27,20.95,84.46501369863013
cirebon,98981.65,55.82,552564.77,2018,Jawa Barat,5.523602739726027,4032.23,26.38141095890411,29.79,20.95,80.76083561643836
majalengka,90247.5,61.41,554231.74,2018,Jawa Barat,6.3249589041095895,2308.61,22.581917808219178,24.5,18.78,86.76093150684932
sumedang,58924.49,56.09,330508.46,2018,Jawa Barat,6.3249589041095895,2308.61,22.581917808219178,24.5,18.78,86.76093150684932
indramayu,238107.56,59.42,1414730.62,2018,Jawa Barat,5.7409041095890405,2095.43,26.645479452054797,29.56,23.81,79.09183561643836
subang,173693.25,57.05,990994.87,2018,Jawa Barat,5.792493150684932,2114.26,25.429726027397262,28.29,22.5,82.04339726027398
purwakarta,32959.22,53.79,177276.3,2018,Jawa Barat,5.792493150684932,2114.26,25.429726027397262,28.29,22.5,82.04339726027398
karawang,199474.94,56.83,1133671.33,2018,Jawa Barat,5.792493150684932,2114.26,25.429726027397262,28.29,22.5,82.04339726027398
bekasi,109811.31,49.63,544986.21,2018,Jawa Barat,5.348575342465754,3904.46,26.166109589041092,29.7,22.15,81.83179452054794
bandung barat,31641.73,54.02,170934.99,2018,Jawa Barat,7.6656438356164385,2797.96,21.35978082191781,23.12,17.9,87.62654794520547
pangandaran,34218.69,56.81,194398.08,2018,Jawa Barat,5.960328767123287,2175.52,25.045068493150687,26.93,21.36,86.02364383561644
bogor,81.81,51.38,420.38,2018,Jawa Barat,5.707780821917809,4166.68,24.854684931506846,27.04,22.15,83.70443835616437
sukabumi,2566.25,56.26,14436.5,2018,Jawa Barat,6.907383561643836,5042.39,24.800821917808218,27.63,20.39,85.01616438356164
bandung,1375.64,59.93,8244.51,2018,Jawa Barat,7.6656438356164385,5595.92,21.35978082191781,23.12,17.9,87.62654794520547
cirebon,348.55,50.72,1767.92,2018,Jawa Barat,5.523602739726027,4032.23,26.38141095890411,29.79,20.95,80.76083561643836
bekasi,441.34,55.73,2459.63,2018,Jawa Barat,5.348575342465754,3904.46,26.166109589041092,29.7,22.15,81.83179452054794
depok,62.67,56.97,357.06,2018,Jawa Barat,5.707780821917809,2083.34,24.854684931506846,27.04,22.15,83.70443835616437
cimahi,70.95,55.51,393.82,2018,Jawa Barat,7.6656438356164385,2797.96,21.35978082191781,23.12,17.9,87.62654794520547
tasikmalaya,9096.45,51.61,46943.05,2018,Jawa Barat,9.185369863013698,6705.32,23.54813698630137,25.54,19.63,88.81024657534248
banjar,5642.21,56.02,31610.43,2018,Jawa Barat,5.960328767123287,2175.52,25.045068493150687,26.93,21.36,86.02364383561644
banjar,5642.21,56.02,31610.43,2018,Kalimantan Selatan,7.982246575342466,2913.52,26.522575342465753,28.96,23.9,84.42142465753425
bogor,54987.79,55.99,307860.89,2019,Jawa Barat,5.790657534246575,4227.18,25.20117808219178,27.65,22.33,81.90191780821918
sukabumi,93377.51,50.2,468764.28,2019,Jawa Barat,6.478986301369863,4729.66,24.879315068493153,27.84,19.97,84.22357534246575
cianjur,117909.06,54.43,641804.29,2019,Jawa Barat,7.092876712328767,2588.9,23.95895890410959,26.02,19.97,84.95134246575343
bandung,56310.25,61.13,344214.39,2019,Jawa Barat,7.521068493150685,5490.38,21.619205479452056,24.06,18.09,86.05961643835616
garut,80397.63,55.9,449395.01,2019,Jawa Barat,6.478219178082193,2364.55,22.802767123287673,25.48,19.08,85.61572602739726
tasikmalaya,83365.36,52.93,441241.69,2019,Jawa Barat,9.092712328767124,6637.68,23.66032876712329,26.25,19.55,88.1538904109589
ciamis,51209.15,54.04,276734.07,2019,Jawa Barat,9.092712328767124,3318.84,23.66032876712329,26.25,19.55,88.1538904109589
kuningan,44201.18,49.76,219953.32,2019,Jawa Barat,5.506904109589041,2010.02,25.148712328767125,28.55,21.29,82.9498904109589
cirebon,87700.59,57.31,502574.97,2019,Jawa Barat,5.6142739726027395,4098.42,26.60994520547945,29.8,21.29,79.49912328767124
majalengka,94996.45,60.21,572005.83,2019,Jawa Barat,6.478219178082193,2364.55,22.802767123287673,25.48,19.08,85.61572602739726
sumedang,56438.9,53.63,302668.85,2019,Jawa Barat,6.478219178082193,2364.55,22.802767123287673,25.48,19.08,85.61572602739726
indramayu,215731.12,63.8,1376429.68,2019,Jawa Barat,5.859205479452055,2138.61,26.912356164383564,29.85,24.23,77.43671232876713
subang,156298.5,60.33,942932.04,2019,Jawa Barat,5.83890410958904,2131.2,25.741178082191784,28.33,22.9,80.18934246575343
purwakarta,26452.65,54.37,143820.03,2019,Jawa Barat,5.83890410958904,2131.2,25.741178082191784,28.33,22.9,80.18934246575343
karawang,185806.99,60.16,1117813.97,2019,Jawa Barat,5.83890410958904,2131.2,25.741178082191784,28.33,22.9,80.18934246575343
bekasi,97749.45,56.23,549639.74,2019,Jawa Barat,5.475506849315068,3997.12,26.45708219178082,29.44,22.33,80.3852602739726
bandung barat,29184.27,54.48,158988.38,2019,Jawa Barat,7.521068493150685,2745.19,21.619205479452056,24.06,18.09,86.05961643835616
pangandaran,29858.96,58.47,174597.02,2019,Jawa Barat,5.529123287671233,2018.13,25.189123287671233,28.12,21.35,85.41961643835616
bogor,62.29,48.85,304.28,2019,Jawa Barat,5.790657534246575,4227.18,25.20117808219178,27.65,22.33,81.90191780821918
sukabumi,2391.05,63.17,15103.37,2019,Jawa Barat,6.478986301369863,4729.66,24.879315068493153,27.84,19.97,84.22357534246575
bandung,1214.88,60.23,7317.23,2019,Jawa Barat,7.521068493150685,5490.38,21.619205479452056,24.06,18.09,86.05961643835616
cirebon,231.11,47.2,1090.79,2019,Jawa Barat,5.6142739726027395,4098.42,26.60994520547945,29.8,21.29,79.49912328767124
bekasi,518.27,58.76,3045.2,2019,Jawa Barat,5.475506849315068,3997.12,26.45708219178082,29.44,22.33,80.3852602739726
depok,84.99,54.72,465.03,2019,Jawa Barat,5.790657534246575,2113.59,25.20117808219178,27.65,22.33,81.90191780821918
cimahi,70.93,57.32,406.54,2019,Jawa Barat,7.521068493150685,2745.19,21.619205479452056,24.06,18.09,86.05961643835616
tasikmalaya,7231.25,51.22,37041.64,2019,Jawa Barat,9.092712328767124,6637.68,23.66032876712329,26.25,19.55,88.1538904109589
banjar,5055.12,56.86,28744.69,2019,Jawa Barat,5.529123287671233,2018.13,25.189123287671233,28.12,21.35,85.41961643835616
banjar,5055.12,56.86,28744.69,2019,Kalimantan Selatan,6.032273972602741,2201.78,26.951123287671233,30.22,24.01,81.69613698630137
bogor,55692.05,53.68,298974.65,2020,Jawa Barat,8.310081967213115,6082.9800000000005,25.02598360655738,26.54,23.18,86.91445355191256
sukabumi,93371.47,55.85,521459.25,2020,Jawa Barat,10.151161202185792,7430.65,25.287062841530055,27.9,21.25,86.75605191256831
cianjur,113856.46,54.72,622992.32,2020,Jawa Barat,10.301229508196721,3770.25,24.195464480874318,25.92,21.25,88.41601092896174
bandung,50150.32,55.27,277156.28,2020,Jawa Barat,11.33292349726776,8295.7,21.808169398907104,23.46,18.39,89.92691256830601
garut,77873.41,54.56,424913.9,2020,Jawa Barat,10.193387978142077,3730.78,23.107841530054642,24.84,19.19,88.97565573770491
tasikmalaya,72941.41,60.92,444358.24,2020,Jawa Barat,16.22002732240437,11873.06,24.294289617486335,26.55,20.48,90.02259562841529
ciamis,52925.2,53.43,282791.46,2020,Jawa Barat,16.22002732240437,5936.53,24.294289617486335,26.55,20.48,90.02259562841529
kuningan,45785.65,60.57,277317.9,2020,Jawa Barat,9.668415300546448,3538.64,25.24136612021858,27.02,21.55,87.37079234972677
cirebon,83233.39,59.72,497080.1,2020,Jawa Barat,9.46266393442623,6926.67,26.69035519125683,29.58,21.55,83.4842349726776
majalengka,98037.63,57.77,566334.48,2020,Jawa Barat,10.193387978142077,3730.78,23.107841530054642,24.84,19.19,88.97565573770491
sumedang,55892.07,54.96,307178.0,2020,Jawa Barat,10.193387978142077,3730.78,23.107841530054642,24.84,19.19,88.97565573770491
indramayu,226626.09,60.16,1363311.87,2020,Jawa Barat,9.206284153005464,3369.5,26.785601092896176,28.19,24.2,82.86284153005464
subang,169416.08,57.3,970759.74,2020,Jawa Barat,8.401448087431694,3074.93,25.62636612021858,27.05,23.43,85.15939890710382
purwakarta,30315.68,52.76,159957.49,2020,Jawa Barat,8.401448087431694,3074.93,25.62636612021858,27.05,23.43,85.15939890710382
karawang,181915.22,59.8,1087873.9,2020,Jawa Barat,8.401448087431694,3074.93,25.62636612021858,27.05,23.43,85.15939890710382
bekasi,103171.69,48.86,504103.31,2020,Jawa Barat,7.834590163934426,5734.92,26.29577868852459,28.76,23.18,84.98290983606557
bandung barat,29196.89,56.39,164640.49,2020,Jawa Barat,11.33292349726776,4147.85,21.808169398907104,23.46,18.39,89.92691256830601
pangandaran,29313.07,52.87,154982.57,2020,Jawa Barat,11.586775956284153,4240.76,25.639972677595626,28.15,22.12,88.09434426229508
bogor,33.32,45.7,152.26,2020,Jawa Barat,8.310081967213115,6082.9800000000005,25.02598360655738,26.54,23.18,86.91445355191256
sukabumi,2335.74,62.22,14532.67,2020,Jawa Barat,10.151161202185792,7430.65,25.287062841530055,27.9,21.25,86.75605191256831
bandung,1074.49,63.28,6799.08,2020,Jawa Barat,11.33292349726776,8295.7,21.808169398907104,23.46,18.39,89.92691256830601
cirebon,225.82,45.67,1031.24,2020,Jawa Barat,9.46266393442623,6926.67,26.69035519125683,29.58,21.55,83.4842349726776
bekasi,483.64,56.3,2723.05,2020,Jawa Barat,7.834590163934426,5734.92,26.29577868852459,28.76,23.18,84.98290983606557
depok,30.99,61.06,189.23,2020,Jawa Barat,8.310081967213115,3041.4900000000002,25.02598360655738,26.54,23.18,86.91445355191256
cimahi,77.49,56.45,437.44,2020,Jawa Barat,11.33292349726776,4147.85,21.808169398907104,23.46,18.39,89.92691256830601
tasikmalaya,7569.3,48.02,36349.8,2020,Jawa Barat,16.22002732240437,11873.06,24.294289617486335,26.55,20.48,90.02259562841529
banjar,5344.06,53.09,28371.86,2020,Jawa Barat,11.586775956284153,4240.76,25.639972677595626,28.15,22.12,88.09434426229508
banjar,5344.06,53.09,28371.86,2020,Kalimantan Selatan,11.075956284153007,4053.8,26.774699453551914,30.41,24.8,85.6996174863388
bogor,57426.46,49.66,285154.0,2021,Jawa Barat,8.259315068493152,6029.3,24.73682191780822,26.51,23.12,87.2264383561644
sukabumi,89510.44,55.07,492926.27,2021,Jawa Barat,9.244520547945205,6748.5,25.03004109589041,27.46,22.42,86.75541095890411
cianjur,113538.5,53.88,611773.02,2021,Jawa Barat,9.246301369863014,3374.9,23.902684931506847,25.75,22.42,88.458
bandung,50552.68,61.46,310715.2,2021,Jawa Barat,9.756,7121.88,21.492876712328766,23.38,19.29,89.76186301369863
garut,75965.56,58.36,443319.91,2021,Jawa Barat,8.115698630136986,2962.23,22.84868493150685,24.36,20.47,88.85923287671233
tasikmalaya,82934.85,53.77,445909.19,2021,Jawa Barat,10.409972602739726,7599.28,24.11331506849315,25.61,21.89,89.56624657534246
ciamis,55013.02,58.23,320330.73,2021,Jawa Barat,10.409972602739726,3799.64,24.11331506849315,25.61,21.89,89.56624657534246
kuningan,47236.3,58.41,275893.22,2021,Jawa Barat,7.464712328767123,2724.62,25.012027397260272,26.56,22.86,87.4541095890411
cirebon,84946.29,54.71,464730.69,2021,Jawa Barat,7.580753424657534,5533.95,26.471739726027394,29.27,22.86,83.53216438356165
majalengka,97515.62,54.79,534250.18,2021,Jawa Barat,8.115698630136986,2962.23,22.84868493150685,24.36,20.47,88.85923287671233
sumedang,53341.28,49.12,262037.84,2021,Jawa Barat,8.115698630136986,2962.23,22.84868493150685,24.36,20.47,88.85923287671233
indramayu,227051.34,58.12,1319623.64,2021,Jawa Barat,7.995808219178081,2918.47,26.577397260273973,28.8,24.93,82.98372602739727
subang,163946.73,58.52,959456.43,2021,Jawa Barat,8.364657534246575,3053.1,25.35832876712329,27.29,23.5,85.55660273972603
purwakarta,32930.64,50.98,167865.29,2021,Jawa Barat,8.364657534246575,3053.1,25.35832876712329,27.29,23.5,85.55660273972603
karawang,197916.26,62.36,1234133.75,2021,Jawa Barat,8.364657534246575,3053.1,25.35832876712329,27.29,23.5,85.55660273972603
bekasi,100338.32,58.56,587586.07,2021,Jawa Barat,8.169643835616439,5963.84,26.03182191780822,28.97,23.12,85.23680821917809
bandung barat,27654.55,52.97,146494.62,2021,Jawa Barat,9.756,3560.94,21.492876712328766,23.38,19.29,89.76186301369863
pangandaran,27677.79,50.58,140000.72,2021,Jawa Barat,7.923589041095891,2892.11,25.443671232876714,27.0,23.5,88.06975342465753
bogor,36.09,47.69,172.1,2021,Jawa Barat,8.259315068493152,6029.3,24.73682191780822,26.51,23.12,87.2264383561644
sukabumi,2456.16,61.57,15123.41,2021,Jawa Barat,9.244520547945205,6748.5,25.03004109589041,27.46,22.42,86.75541095890411
bandung,1025.58,69.21,7097.77,2021,Jawa Barat,9.756,7121.88,21.492876712328766,23.38,19.29,89.76186301369863
cirebon,231.68,53.72,1244.61,2021,Jawa Barat,7.580753424657534,5533.95,26.471739726027394,29.27,22.86,83.53216438356165
bekasi,477.98,48.21,2304.54,2021,Jawa Barat,8.169643835616439,5963.84,26.03182191780822,28.97,23.12,85.23680821917809
depok,45.39,53.83,244.35,2021,Jawa Barat,8.259315068493152,3014.65,24.73682191780822,26.51,23.12,87.2264383561644
cimahi,76.62,57.78,442.71,2021,Jawa Barat,9.756,3560.94,21.492876712328766,23.38,19.29,89.76186301369863
tasikmalaya,8539.85,57.52,49118.08,2021,Jawa Barat,10.409972602739726,7599.28,24.11331506849315,25.61,21.89,89.56624657534246
banjar,5723.33,62.24,35624.74,2021,Jawa Barat,7.923589041095891,2892.11,25.443671232876714,27.0,23.5,88.06975342465753
banjar,5723.33,62.24,35624.74,2021,Kalimantan Selatan,8.985753424657535,3279.8,26.419095890410958,28.47,24.62,86.25369863013698
bogor,56002.23,53.55,299893.8,2022,Jawa Barat,7.1021095890410955,5184.54,24.676219178082192,26.1,23.1,87.39369863013698
sukabumi,95012.99,53.49,508220.48,2022,Jawa Barat,9.14082191780822,6672.8,24.949082191780825,27.66,22.12,87.27587671232877
cianjur,115877.18,53.33,617941.03,2022,Jawa Barat,9.158356164383562,3342.8,23.829643835616437,25.72,22.12,89.13693150684931
bandung,47537.79,60.84,289205.7,2022,Jawa Barat,9.368,6838.64,21.519945205479452,23.2,19.81,90.04750684931506
garut,75951.04,58.11,441316.2,2022,Jawa Barat,8.14082191780822,2971.4,22.836876712328763,24.66,20.45,89.22572602739726
tasikmalaya,81310.17,53.0,430961.73,2022,Jawa Barat,12.687397260273972,9261.8,24.05561643835616,25.94,21.42,90.33213698630138
ciamis,55844.25,54.74,305676.17,2022,Jawa Barat,12.687397260273972,4630.9,24.05561643835616,25.94,21.42,90.33213698630138
kuningan,48250.13,57.53,277583.76,2022,Jawa Barat,7.90745205479452,2886.22,24.91282191780822,26.6,22.48,88.27969863013699
cirebon,84892.18,58.27,494699.98,2022,Jawa Barat,7.945890410958904,5800.5,26.394,29.25,22.48,84.08076712328767
majalengka,100950.53,56.08,566087.34,2022,Jawa Barat,8.14082191780822,2971.4,22.836876712328763,24.66,20.45,89.22572602739726
sumedang,56662.01,52.62,298163.0,2022,Jawa Barat,8.14082191780822,2971.4,22.836876712328763,24.66,20.45,89.22572602739726
indramayu,245329.29,60.42,1482255.86,2022,Jawa Barat,7.4845205479452055,2731.85,26.502520547945206,27.99,24.93,83.53
subang,177986.35,58.36,1038780.58,2022,Jawa Barat,7.137041095890411,2605.02,25.36468493150685,26.66,23.89,85.44249315068492
purwakarta,34396.95,54.87,188731.69,2022,Jawa Barat,7.137041095890411,2605.02,25.36468493150685,26.66,23.89,85.44249315068492
karawang,204326.26,60.05,1226880.08,2022,Jawa Barat,7.137041095890411,2605.02,25.36468493150685,26.66,23.89,85.44249315068492
bekasi,103088.97,53.91,555747.09,2022,Jawa Barat,6.76704109589041,4939.94,25.97886301369863,28.77,23.1,85.25402739726027
bandung barat,29201.93,52.62,153648.29,2022,Jawa Barat,9.368,3419.32,21.519945205479452,23.2,19.81,90.04750684931506
pangandaran,30115.9,49.37,148670.61,2022,Jawa Barat,9.67572602739726,3531.64,25.349397260273975,27.76,22.79,89.10827397260275
bogor,32.21,54.02,173.99,2022,Jawa Barat,7.1021095890410955,5184.54,24.676219178082192,26.1,23.1,87.39369863013698
sukabumi,2176.04,60.91,13254.34,2022,Jawa Barat,9.14082191780822,6672.8,24.949082191780825,27.66,22.12,87.27587671232877
bandung,995.22,72.21,7186.11,2022,Jawa Barat,9.368,6838.64,21.519945205479452,23.2,19.81,90.04750684931506
cirebon,159.8,53.93,861.82,2022,Jawa Barat,7.945890410958904,5800.5,26.394,29.25,22.48,84.08076712328767
bekasi,454.07,41.15,1868.44,2022,Jawa Barat,6.76704109589041,4939.94,25.97886301369863,28.77,23.1,85.25402739726027
depok,14.55,49.57,72.13,2022,Jawa Barat,7.1021095890410955,2592.27,24.676219178082192,26.1,23.1,87.39369863013698
cimahi,59.59,56.73,338.03,2022,Jawa Barat,9.368,3419.32,21.519945205479452,23.2,19.81,90.04750684931506
tasikmalaya,9797.97,55.35,54233.66,2022,Jawa Barat,12.687397260273972,9261.8,24.05561643835616,25.94,21.42,90.33213698630138
banjar,5978.36,52.31,31271.18,2022,Jawa Barat,9.67572602739726,3531.64,25.349397260273975,27.76,22.79,89.10827397260275
banjar,5978.36,52.31,31271.18,2022,Kalimantan Selatan,9.344054794520547,3410.58,26.612931506849314,28.61,25.01,85.31150684931507
bogor,50999.48,55.54,283266.58,2023,Jawa Barat,4.761643835616439,3476.0,25.29523287671233,27.97,22.85,83.41202739726027
sukabumi,93866.34,54.59,512391.58,2023,Jawa Barat,5.745780821917808,4194.42,24.978178082191782,28.21,21.62,85.57598630136987
cianjur,115749.72,56.17,650123.11,2023,Jawa Barat,5.887260273972602,2148.85,24.05969863013699,26.13,21.62,86.41369863013699
bandung,49366.27,60.8,300142.89,2023,Jawa Barat,6.212958904109589,4535.46,21.77282191780822,24.06,19.22,87.24917808219178
garut,74538.34,60.88,453787.94,2023,Jawa Barat,5.250219178082191,1916.33,22.94698630136986,25.32,20.01,86.6938904109589
tasikmalaya,69685.72,56.16,391379.69,2023,Jawa Barat,7.68172602739726,5607.66,23.799479452054793,25.79,20.49,89.26454794520548
ciamis,53976.46,55.42,299124.49,2023,Jawa Barat,7.68172602739726,2803.83,23.799479452054793,25.79,20.49,89.26454794520548
kuningan,44815.65,58.24,261023.34,2023,Jawa Barat,4.623643835616438,1687.6299999999999,25.097123287671234,28.08,22.21,85.1146301369863
cirebon,82797.11,59.89,495878.2,2023,Jawa Barat,4.92754794520548,3597.11,26.63731506849315,30.13,22.21,81.16421917808219
majalengka,100124.09,55.77,558430.27,2023,Jawa Barat,5.250219178082191,1916.33,22.94698630136986,25.32,20.01,86.6938904109589
sumedang,53525.51,53.64,287112.51,2023,Jawa Barat,5.250219178082191,1916.33,22.94698630136986,25.32,20.01,86.6938904109589
indramayu,230456.96,61.8,1424303.1,2023,Jawa Barat,4.902739726027397,1789.5,27.025150684931507,30.06,24.29,78.84446575342466
subang,174864.99,58.77,1027659.54,2023,Jawa Barat,4.967178082191781,1813.02,25.889013698630137,28.71,23.04,81.5518904109589
purwakarta,31884.84,58.5,186533.23,2023,Jawa Barat,4.967178082191781,1813.02,25.889013698630137,28.71,23.04,81.5518904109589
karawang,189064.62,59.87,1131976.57,2023,Jawa Barat,4.967178082191781,1813.02,25.889013698630137,28.71,23.04,81.5518904109589
bekasi,93338.02,53.28,497339.49,2023,Jawa Barat,4.60617808219178,3362.5099999999998,26.55434246575342,30.04,22.85,81.71482191780822
bandung barat,26709.13,53.62,143212.52,2023,Jawa Barat,6.212958904109589,2267.73,21.77282191780822,24.06,19.22,87.24917808219178
pangandaran,30250.9,46.05,139300.3,2023,Jawa Barat,4.8987123287671235,1788.03,25.19778082191781,27.38,22.13,87.12671232876713
bogor,25.76,47.99,123.61,2023,Jawa Barat,4.761643835616439,3476.0,25.29523287671233,27.97,22.85,83.41202739726027
sukabumi,2699.69,59.96,16187.08,2023,Jawa Barat,5.745780821917808,4194.42,24.978178082191782,28.21,21.62,85.57598630136987
bandung,901.17,70.19,6325.63,2023,Jawa Barat,6.212958904109589,4535.46,21.77282191780822,24.06,19.22,87.24917808219178
cirebon,137.1,56.12,769.39,2023,Jawa Barat,4.92754794520548,3597.11,26.63731506849315,30.13,22.21,81.16421917808219
bekasi,306.86,42.9,1316.49,2023,Jawa Barat,4.60617808219178,3362.5099999999998,26.55434246575342,30.04,22.85,81.71482191780822
depok,5.82,52.42,30.51,2023,Jawa Barat,4.761643835616439,1738.0,25.29523287671233,27.97,22.85,83.41202739726027
cimahi,76.61,57.5,440.48,2023,Jawa Barat,6.212958904109589,2267.73,21.77282191780822,24.06,19.22,87.24917808219178
tasikmalaya,7863.88,50.83,39968.81,2023,Jawa Barat,7.68172602739726,5607.66,23.799479452054793,25.79,20.49,89.26454794520548
banjar,5625.24,56.69,31891.85,2023,Jawa Barat,4.8987123287671235,1788.03,25.19778082191781,27.38,22.13,87.12671232876713
banjar,5625.24,56.69,31891.85,2023,Kalimantan Selatan,5.923397260273973,2162.04,27.15232876712329,30.47,25.02,82.41799999999999
bogor,50168.52,59.73,299675.82,2024,Jawa Barat,7.842841530054645,5740.96,25.57445355191257,27.11,23.02,85.07122950819672
sukabumi,81612.3,57.2,466835.93,2024,Jawa Barat,9.540081967213116,6983.34,25.578169398907104,28.07,21.72,86.39870218579235
cianjur,105305.7,59.91,630847.78,2024,Jawa Barat,9.977158469945355,3651.64,24.560081967213115,26.41,21.72,87.62956284153005
bandung,51947.62,64.33,334188.58,2024,Jawa Barat,10.367513661202185,7589.0199999999995,22.220491803278687,23.81,18.58,88.65144808743169
garut,71635.66,63.51,454937.51,2024,Jawa Barat,8.006338797814209,2930.32,23.466502732240436,25.36,19.53,87.8398087431694
tasikmalaya,66324.47,53.29,353415.07,2024,Jawa Barat,11.278770491803279,8256.06,24.47672131147541,26.48,20.88,89.79890710382514
ciamis,44307.13,53.32,236248.23,2024,Jawa Barat,11.278770491803279,4128.03,24.47672131147541,26.48,20.88,89.79890710382514
kuningan,41522.97,53.81,223427.76,2024,Jawa Barat,6.159836065573771,2254.5,25.62745901639344,27.44,22.29,86.08341530054645
cirebon,84465.74,60.45,510632.02,2024,Jawa Barat,6.405928961748634,4689.14,27.08907103825137,29.95,22.29,82.41454918032787
majalengka,87220.48,55.5,484085.66,2024,Jawa Barat,8.006338797814209,2930.32,23.466502732240436,25.36,19.53,87.8398087431694
sumedang,49430.79,55.0,271869.0,2024,Jawa Barat,8.006338797814209,2930.32,23.466502732240436,25.36,19.53,87.8398087431694
indramayu,212866.19,65.74,1399352.12,2024,Jawa Barat,6.9846994535519125,2556.4,27.30295081967213,29.47,24.45,81.07631147540984
subang,163881.64,59.12,968941.45,2024,Jawa Barat,8.110737704918034,2968.53,26.164480874316943,28.73,23.07,83.30609289617486
purwakarta,30629.17,58.9,180397.1,2024,Jawa Barat,8.110737704918034,2968.53,26.164480874316943,28.73,23.07,83.30609289617486
karawang,183065.46,56.89,1041530.95,2024,Jawa Barat,8.110737704918034,2968.53,26.164480874316943,28.73,23.07,83.30609289617486
bekasi,84199.55,49.46,416476.98,2024,Jawa Barat,7.197841530054644,5268.82,26.85497267759563,29.42,23.02,83.16420765027323
bandung barat,27566.67,53.98,148802.98,2024,Jawa Barat,10.367513661202185,3794.5099999999998,22.220491803278687,23.81,18.58,88.65144808743169
pangandaran,24131.55,48.98,118188.45,2024,Jawa Barat,7.130792349726776,2609.87,25.846284153005463,27.88,22.17,87.60989071038252
bogor,28.35,53.05,150.39,2024,Jawa Barat,7.842841530054645,5740.96,25.57445355191257,27.11,23.02,85.07122950819672
sukabumi,2337.35,58.58,13693.1,2024,Jawa Barat,9.540081967213116,6983.34,25.578169398907104,28.07,21.72,86.39870218579235
bandung,940.85,69.59,6547.7,2024,Jawa Barat,10.367513661202185,7589.0199999999995,22.220491803278687,23.81,18.58,88.65144808743169
cirebon,99.81,63.94,638.23,2024,Jawa Barat,6.405928961748634,4689.14,27.08907103825137,29.95,22.29,82.41454918032787
bekasi,282.68,42.86,1211.69,2024,Jawa Barat,7.197841530054644,5268.82,26.85497267759563,29.42,23.02,83.16420765027323
depok,5.82,56.24,32.73,2024,Jawa Barat,7.842841530054645,2870.48,25.57445355191257,27.11,23.02,85.07122950819672
cimahi,70.93,61.38,435.34,2024,Jawa Barat,10.367513661202185,3794.5099999999998,22.220491803278687,23.81,18.58,88.65144808743169
tasikmalaya,6532.64,54.19,35403.54,2024,Jawa Barat,11.278770491803279,8256.06,24.47672131147541,26.48,20.88,89.79890710382514
banjar,4782.04,60.46,28913.8,2024,Jawa Barat,7.130792349726776,2609.87,25.846284153005463,27.88,22.17,87.60989071038252
banjar,4782.04,60.46,28913.8,2024,Kalimantan Selatan,7.5401639344262295,2759.7,27.297431693989072,29.43,25.04,85.0514480874317
bogor,59502.0,58.15,345984.0,2025,Jawa Barat,7.72372602739726,5638.32,24.990904109589042,26.43,23.46,86.99347945205479
sukabumi,122485.0,53.89,660107.0,2025,Jawa Barat,8.941712328767123,6527.45,25.257657534246576,27.74,22.5,87.06
cianjur,137496.0,58.24,800735.0,2025,Jawa Barat,8.982958904109589,3278.78,24.106383561643835,25.47,22.5,88.89249315068493
bandung,55849.0,63.26,353307.0,2025,Jawa Barat,9.02695890410959,6589.68,21.741068493150685,23.34,19.89,90.00852054794521
garut,94041.0,59.09,555727.0,2025,Jawa Barat,9.002520547945206,3285.92,23.028657534246573,24.59,20.3,89.6258904109589
tasikmalaya,97519.0,53.82,524895.0,2025,Jawa Barat,11.998273972602739,8758.74,24.30879452054794,26.08,21.67,90.46057534246576
ciamis,58549.0,56.58,331255.0,2025,Jawa Barat,11.998273972602739,4379.37,24.30879452054794,26.08,21.67,90.46057534246576
kuningan,48264.0,51.73,249686.0,2025,Jawa Barat,9.306054794520549,3396.71,25.153342465753422,27.0,22.36,88.47405479452054
cirebon,93883.0,60.56,568548.0,2025,Jawa Barat,9.131205479452055,6665.78,26.625972602739726,29.39,22.36,84.47227397260274
majalengka,89930.0,55.18,496250.0,2025,Jawa Barat,9.002520547945206,3285.92,23.028657534246573,24.59,20.3,89.6258904109589
sumedang,55012.0,53.45,294027.0,2025,Jawa Barat,9.002520547945206,3285.92,23.028657534246573,24.59,20.3,89.6258904109589
indramayu,239498.0,66.11,1583262.0,2025,Jawa Barat,8.29668493150685,3028.29,26.714000000000002,28.33,24.74,83.95772602739726
subang,184319.0,59.4,1094781.0,2025,Jawa Barat,7.756739726027397,2831.21,25.66150684931507,27.22,23.93,85.16205479452056
purwakarta,33459.0,56.42,188774.0,2025,Jawa Barat,7.756739726027397,2831.21,25.66150684931507,27.22,23.93,85.16205479452056
karawang,202293.0,59.06,1194712.0,2025,Jawa Barat,7.756739726027397,2831.21,25.66150684931507,27.22,23.93,85.16205479452056
bekasi,97547.0,51.28,500189.0,2025,Jawa Barat,7.868958904109589,5744.34,26.312794520547946,29.07,23.46,84.9471506849315
bandung barat,37006.0,58.12,215065.0,2025,Jawa Barat,9.02695890410959,3294.84,21.741068493150685,23.34,19.89,90.00852054794521
pangandaran,30469.0,52.82,160944.0,2025,Jawa Barat,9.634602739726027,3516.63,25.60482191780822,27.37,22.95,89.05569863013699
bogor,141.0,57.23,805.0,2025,Jawa Barat,7.72372602739726,5638.32,24.990904109589042,26.43,23.46,86.99347945205479
sukabumi,2721.0,58.19,15835.0,2025,Jawa Barat,8.941712328767123,6527.45,25.257657534246576,27.74,22.5,87.06
bandung,1010.0,69.06,6978.0,2025,Jawa Barat,9.02695890410959,6589.68,21.741068493150685,23.34,19.89,90.00852054794521
cirebon,125.0,54.05,676.0,2025,Jawa Barat,9.131205479452055,6665.78,26.625972602739726,29.39,22.36,84.47227397260274
bekasi,184.0,48.81,897.0,2025,Jawa Barat,7.868958904109589,5744.34,26.312794520547946,29.07,23.46,84.9471506849315
depok,10.0,53.69,52.0,2025,Jawa Barat,7.72372602739726,2819.16,24.990904109589042,26.43,23.46,86.99347945205479
cimahi,97.0,59.33,575.0,2025,Jawa Barat,9.02695890410959,3294.84,21.741068493150685,23.34,19.89,90.00852054794521
tasikmalaya,8571.0,59.25,50779.0,2025,Jawa Barat,11.998273972602739,8758.74,24.30879452054794,26.08,21.67,90.46057534246576
banjar,5321.0,59.78,31808.0,2025,Jawa Barat,9.634602739726027,3516.63,25.60482191780822,27.37,22.95,89.05569863013699
banjar,5321.0,59.78,31808.0,2025,Kalimantan Selatan,8.689123287671233,3171.53,26.592767123287672,28.88,24.01,86.1694794520548
cilacap,124011.04,63.97,793265.2,2018,Jawa Tengah,5.960328767123287,2175.52,25.045068493150687,26.93,21.36,86.02364383561644
banyumas,59062.39,54.85,323966.16,2018,Jawa Tengah,5.780027397260274,2109.71,24.977890410958906,27.17,21.07,85.17515068493151
purbalingga,30103.86,63.41,190899.47,2018,Jawa Tengah,5.780027397260274,2109.71,24.977890410958906,27.17,21.07,85.17515068493151
banjarnegara,20226.71,58.02,117355.84,2018,Jawa Tengah,5.780027397260274,2109.71,24.977890410958906,27.17,21.07,85.17515068493151
kebumen,86342.34,57.42,495772.48,2018,Jawa Tengah,5.780027397260274,2109.71,24.977890410958906,27.17,21.07,85.17515068493151
purworejo,54859.3,53.11,291349.5,2018,Jawa Tengah,5.695479452054794,2078.85,23.073287671232876,25.77,19.56,85.4190410958904
wonosobo,15252.29,49.81,75977.15,2018,Jawa Tengah,5.695479452054794,2078.85,23.073287671232876,25.77,19.56,85.4190410958904
magelang,42920.24,55.68,238961.88,2018,Jawa Tengah,5.695479452054794,4157.7,23.073287671232876,25.77,19.56,85.4190410958904
boyolali,47619.97,56.05,266931.24,2018,Jawa Tengah,5.480356164383561,2000.33,25.195671232876713,28.86,22.39,79.84890410958904
klaten,69949.58,57.93,405213.97,2018,Jawa Tengah,5.480356164383561,2000.33,25.195671232876713,28.86,22.39,79.84890410958904
sukoharjo,52318.04,64.83,339191.04,2018,Jawa Tengah,5.480356164383561,2000.33,25.195671232876713,28.86,22.39,79.84890410958904
wonogiri,84593.03,54.92,464558.72,2018,Jawa Tengah,5.40668493150685,1973.44,25.85304109589041,27.7,23.12,81.45161643835617
karanganyar,45434.05,62.03,281818.52,2018,Jawa Tengah,5.3124383561643835,1939.04,26.239890410958903,30.48,23.33,77.52895890410959
sragen,111467.83,61.15,681587.71,2018,Jawa Tengah,5.3124383561643835,1939.04,26.239890410958903,30.48,23.33,77.52895890410959
grobogan,134601.24,59.24,797420.54,2018,Jawa Tengah,5.426904109589041,1980.82,27.236027397260273,30.62,25.21,75.02161643835616
blora,103811.68,58.6,608309.99,2018,Jawa Tengah,5.361643835616438,1957.0,27.312383561643838,30.94,25.05,75.66832876712328
rembang,40331.73,56.75,228865.76,2018,Jawa Tengah,4.984082191780822,1819.19,27.79164383561644,29.59,26.03,77.49290410958903
pati,96117.44,60.23,578935.69,2018,Jawa Tengah,4.984082191780822,1819.19,27.79164383561644,29.59,26.03,77.49290410958903
kudus,32949.71,61.46,202497.04,2018,Jawa Tengah,5.426904109589041,1980.82,27.236027397260273,30.62,25.21,75.02161643835616
jepara,42159.11,52.02,219295.62,2018,Jawa Tengah,5.480712328767123,2000.46,27.834191780821918,29.69,26.16,76.63994520547946
demak,114083.23,61.16,697786.82,2018,Jawa Tengah,5.426904109589041,1980.82,27.236027397260273,30.62,25.21,75.02161643835616
semarang,32038.66,57.44,184027.59,2018,Jawa Tengah,5.426904109589041,3961.64,27.236027397260273,30.62,25.21,75.02161643835616
temanggung,14427.8,64.2,92626.24,2018,Jawa Tengah,5.695479452054794,2078.85,23.073287671232876,25.77,19.56,85.4190410958904
kendal,36850.56,54.12,199421.36,2018,Jawa Tengah,5.185534246575343,1892.72,26.224739726027398,28.86,24.12,76.3447397260274
batang,34392.61,48.17,165665.71,2018,Jawa Tengah,5.185534246575343,1892.72,26.224739726027398,28.86,24.12,76.3447397260274
pekalongan,45434.21,47.35,215128.23,2018,Jawa Tengah,5.063068493150685,3696.04,25.980123287671233,28.86,22.08,79.06376712328768
pemalang,76215.0,51.06,389121.08,2018,Jawa Tengah,4.940602739726027,1803.32,25.735506849315065,28.8,22.08,81.78279452054795
tegal,72984.71,56.69,413741.64,2018,Jawa Tengah,4.940602739726027,3606.64,25.735506849315065,28.8,22.08,81.78279452054795
brebes,93269.88,53.03,494578.9,2018,Jawa Tengah,5.342191780821918,1949.9,24.858246575342466,27.27,20.95,84.46501369863013
magelang,171.11,51.98,889.38,2018,Jawa Tengah,5.695479452054794,4157.7,23.073287671232876,25.77,19.56,85.4190410958904
surakarta,37.47,68.35,256.1,2018,Jawa Tengah,5.480356164383561,2000.33,25.195671232876713,28.86,22.39,79.84890410958904
salatiga,824.32,60.08,4952.36,2018,Jawa Tengah,5.480356164383561,2000.33,25.195671232876713,28.86,22.39,79.84890410958904
semarang,4962.87,54.65,27120.47,2018,Jawa Tengah,5.426904109589041,3961.64,27.236027397260273,30.62,25.21,75.02161643835616
pekalongan,1650.35,53.66,8856.04,2018,Jawa Tengah,5.063068493150685,3696.04,25.980123287671233,28.86,22.08,79.06376712328768
tegal,508.81,63.73,3242.79,2018,Jawa Tengah,4.940602739726027,3606.64,25.735506849315065,28.8,22.08,81.78279452054795
cilacap,110144.65,63.55,699964.69,2019,Jawa Tengah,5.529123287671233,2018.13,25.189123287671233,28.12,21.35,85.41961643835616
banyumas,51111.97,52.09,266228.84,2019,Jawa Tengah,5.20545205479452,1899.99,25.24391780821918,28.54,21.14,83.9345205479452
purbalingga,26756.91,54.37,145466.78,2019,Jawa Tengah,5.20545205479452,1899.99,25.24391780821918,28.54,21.14,83.9345205479452
banjarnegara,18925.18,58.83,111340.46,2019,Jawa Tengah,5.20545205479452,1899.99,25.24391780821918,28.54,21.14,83.9345205479452
kebumen,76154.59,56.09,427165.28,2019,Jawa Tengah,5.20545205479452,1899.99,25.24391780821918,28.54,21.14,83.9345205479452
purworejo,50587.63,53.37,270001.44,2019,Jawa Tengah,4.999260273972602,1824.73,23.453369863013698,26.51,19.95,83.34350684931508
wonosobo,13958.0,50.55,70558.54,2019,Jawa Tengah,4.999260273972602,1824.73,23.453369863013698,26.51,19.95,83.34350684931508
magelang,38973.54,53.95,210268.5,2019,Jawa Tengah,4.999260273972602,3649.46,23.453369863013698,26.51,19.95,83.34350684931508
boyolali,46751.17,57.74,269955.32,2019,Jawa Tengah,4.638493150684932,1693.05,25.67745205479452,29.63,22.34,77.23991780821918
klaten,62115.58,57.74,358638.05,2019,Jawa Tengah,4.638493150684932,1693.05,25.67745205479452,29.63,22.34,77.23991780821918
sukoharjo,49061.56,69.19,339445.37,2019,Jawa Tengah,4.638493150684932,1693.05,25.67745205479452,29.63,22.34,77.23991780821918
wonogiri,63109.27,54.09,341370.25,2019,Jawa Tengah,4.585260273972603,1673.62,26.072109589041094,29.14,23.31,80.13997260273973
karanganyar,43366.84,61.76,267832.68,2019,Jawa Tengah,4.529205479452055,1653.16,26.802410958904108,31.59,23.09,74.4241095890411
sragen,111569.05,68.66,766012.3,2019,Jawa Tengah,4.529205479452055,1653.16,26.802410958904108,31.59,23.09,74.4241095890411
grobogan,136209.59,56.72,772521.47,2019,Jawa Tengah,4.671178082191781,1704.98,27.675095890410958,31.43,24.83,72.66087671232877
blora,100134.74,53.09,531612.56,2019,Jawa Tengah,4.484794520547945,1636.95,27.825835616438358,31.94,24.63,72.8147397260274
rembang,36734.46,44.04,161773.24,2019,Jawa Tengah,4.188849315068493,1528.93,28.007972602739727,29.81,26.66,76.54482191780822
pati,99453.48,59.54,592099.74,2019,Jawa Tengah,4.188849315068493,1528.93,28.007972602739727,29.81,26.66,76.54482191780822
kudus,31702.12,65.79,208566.2,2019,Jawa Tengah,4.671178082191781,1704.98,27.675095890410958,31.43,24.83,72.66087671232877
jepara,38637.98,53.42,206397.46,2019,Jawa Tengah,4.908082191780822,1791.45,28.058849315068493,29.84,26.65,75.68230136986301
demak,106629.56,62.47,666141.3,2019,Jawa Tengah,4.671178082191781,1704.98,27.675095890410958,31.43,24.83,72.66087671232877
semarang,27643.28,54.56,150815.97,2019,Jawa Tengah,4.671178082191781,3409.96,27.675095890410958,31.43,24.83,72.66087671232877
temanggung,13816.17,63.25,87380.59,2019,Jawa Tengah,4.999260273972602,1824.73,23.453369863013698,26.51,19.95,83.34350684931508
kendal,34984.1,58.82,205770.43,2019,Jawa Tengah,4.835369863013699,1764.91,26.53739726027397,29.64,24.0,74.80416438356164
batang,30890.03,50.15,154914.72,2019,Jawa Tengah,4.835369863013699,1764.91,26.53739726027397,29.64,24.0,74.80416438356164
pekalongan,40936.69,50.27,205771.32,2019,Jawa Tengah,5.01827397260274,3663.34,26.333178082191782,29.64,22.34,77.33216438356165
pemalang,71086.43,57.19,406556.5,2019,Jawa Tengah,5.201178082191781,1898.43,26.128958904109588,29.32,22.34,79.86016438356164
tegal,63038.91,48.32,304616.52,2019,Jawa Tengah,5.201178082191781,3796.86,26.128958904109588,29.32,22.34,79.86016438356164
brebes,76650.12,54.31,416313.45,2019,Jawa Tengah,5.506904109589041,2010.02,25.148712328767125,28.55,21.29,82.9498904109589
magelang,163.77,59.16,968.93,2019,Jawa Tengah,4.999260273972602,3649.46,23.453369863013698,26.51,19.95,83.34350684931508
surakarta,45.27,63.67,288.24,2019,Jawa Tengah,4.638493150684932,1693.05,25.67745205479452,29.63,22.34,77.23991780821918
salatiga,690.03,57.2,3946.79,2019,Jawa Tengah,4.638493150684932,1693.05,25.67745205479452,29.63,22.34,77.23991780821918
semarang,4207.74,53.2,22386.61,2019,Jawa Tengah,4.671178082191781,3409.96,27.675095890410958,31.43,24.83,72.66087671232877
pekalongan,1619.74,55.37,8968.93,2019,Jawa Tengah,5.01827397260274,3663.34,26.333178082191782,29.64,22.34,77.33216438356165
tegal,619.06,58.06,3594.51,2019,Jawa Tengah,5.201178082191781,3796.86,26.128958904109588,29.32,22.34,79.86016438356164
cilacap,117626.63,67.49,793906.97,2020,Jawa Tengah,11.586775956284153,4240.76,25.639972677595626,28.15,22.12,88.09434426229508
banyumas,52399.62,55.49,290756.37,2020,Jawa Tengah,10.86136612021858,3975.26,25.548142076502735,27.94,21.74,87.30857923497267
purbalingga,28616.11,56.83,162633.11,2020,Jawa Tengah,10.86136612021858,3975.26,25.548142076502735,27.94,21.74,87.30857923497267
banjarnegara,18903.54,52.45,99154.18,2020,Jawa Tengah,10.86136612021858,3975.26,25.548142076502735,27.94,21.74,87.30857923497267
kebumen,73675.96,50.41,371398.19,2020,Jawa Tengah,10.86136612021858,3975.26,25.548142076502735,27.94,21.74,87.30857923497267
purworejo,49844.53,54.83,273294.19,2020,Jawa Tengah,9.27344262295082,3394.08,23.375956284153006,25.52,20.08,88.93112021857924
wonosobo,13728.27,52.69,72339.82,2020,Jawa Tengah,9.27344262295082,3394.08,23.375956284153006,25.52,20.08,88.93112021857924
magelang,34634.18,48.32,167338.71,2020,Jawa Tengah,9.27344262295082,6788.16,23.375956284153006,25.52,20.08,88.93112021857924
boyolali,47760.01,47.2,225425.92,2020,Jawa Tengah,7.353469945355191,2691.37,25.075245901639345,27.46,21.99,85.76401639344263
klaten,63670.59,53.24,339013.18,2020,Jawa Tengah,7.353469945355191,2691.37,25.075245901639345,27.46,21.99,85.76401639344263
sukoharjo,45227.76,68.71,310778.15,2020,Jawa Tengah,7.353469945355191,2691.37,25.075245901639345,27.46,21.99,85.76401639344263
wonogiri,62444.28,55.7,347804.03,2020,Jawa Tengah,8.007295081967213,2930.67,26.202540983606553,28.16,23.26,84.66306010928962
karanganyar,43013.75,60.02,258152.42,2020,Jawa Tengah,6.737103825136613,2465.78,26.07622950819672,29.18,23.01,83.36265027322405
sragen,109013.25,65.57,714851.91,2020,Jawa Tengah,6.737103825136613,2465.78,26.07622950819672,29.18,23.01,83.36265027322405
grobogan,131929.86,61.1,806139.4,2020,Jawa Tengah,6.881448087431695,2518.61,26.899699453551914,28.99,24.43,81.68021857923497
blora,93986.48,51.21,481295.66,2020,Jawa Tengah,6.578333333333333,2407.67,27.020300546448087,29.63,24.34,81.91270491803279
rembang,31590.68,40.31,127344.23,2020,Jawa Tengah,6.514262295081966,2384.22,27.90620218579235,29.26,25.92,80.54010928961749
pati,101005.63,58.71,592999.98,2020,Jawa Tengah,6.514262295081966,2384.22,27.90620218579235,29.26,25.92,80.54010928961749
kudus,31698.29,55.44,175730.59,2020,Jawa Tengah,6.881448087431695,2518.61,26.899699453551914,28.99,24.43,81.68021857923497
jepara,40731.79,50.11,204117.51,2020,Jawa Tengah,7.4399726775956285,2723.03,27.9375956284153,29.29,26.25,80.01642076502732
demak,106710.77,61.76,659065.26,2020,Jawa Tengah,6.881448087431695,2518.61,26.899699453551914,28.99,24.43,81.68021857923497
semarang,27949.05,58.08,162337.1,2020,Jawa Tengah,6.881448087431695,5037.22,26.899699453551914,28.99,24.43,81.68021857923497
temanggung,12413.34,61.79,76704.57,2020,Jawa Tengah,9.27344262295082,3394.08,23.375956284153006,25.52,20.08,88.93112021857924
kendal,33302.73,54.25,180668.1,2020,Jawa Tengah,7.511202185792349,2749.1,26.12136612021858,27.85,23.88,81.61989071038252
batang,30063.78,49.4,148509.48,2020,Jawa Tengah,7.511202185792349,2749.1,26.12136612021858,27.85,23.88,81.61989071038252
pekalongan,40258.63,46.48,187139.81,2020,Jawa Tengah,8.01396174863388,5866.22,26.068360655737706,28.12,22.9,83.18964480874317
pemalang,73066.88,53.26,389137.21,2020,Jawa Tengah,8.51672131147541,3117.12,26.015355191256834,28.12,22.9,84.75939890710382
tegal,65086.31,53.7,349524.93,2020,Jawa Tengah,8.51672131147541,6234.24,26.015355191256834,28.12,22.9,84.75939890710382
brebes,79436.66,60.91,483850.01,2020,Jawa Tengah,9.668415300546448,3538.64,25.24136612021858,27.02,21.55,87.37079234972677
magelang,162.94,57.81,942.03,2020,Jawa Tengah,9.27344262295082,6788.16,23.375956284153006,25.52,20.08,88.93112021857924
surakarta,39.44,61.34,241.94,2020,Jawa Tengah,7.353469945355191,2691.37,25.075245901639345,27.46,21.99,85.76401639344263
salatiga,639.76,60.39,3863.56,2020,Jawa Tengah,7.353469945355191,2691.37,25.075245901639345,27.46,21.99,85.76401639344263
semarang,4086.15,55.93,22854.56,2020,Jawa Tengah,6.881448087431695,5037.22,26.899699453551914,28.99,24.43,81.68021857923497
pekalongan,1628.49,47.69,7766.16,2020,Jawa Tengah,8.01396174863388,5866.22,26.068360655737706,28.12,22.9,83.18964480874317
tegal,585.35,35.63,2085.38,2020,Jawa Tengah,8.51672131147541,6234.24,26.015355191256834,28.12,22.9,84.75939890710382
cilacap,115663.93,63.9,739139.63,2021,Jawa Tengah,7.923589041095891,2892.11,25.443671232876714,27.0,23.5,88.06975342465753
banyumas,52314.91,55.43,289997.96,2021,Jawa Tengah,7.991178082191781,2916.78,25.259917808219182,27.14,22.99,87.78457534246576
purbalingga,29419.77,53.65,157839.72,2021,Jawa Tengah,7.991178082191781,2916.78,25.259917808219182,27.14,22.99,87.78457534246576
banjarnegara,19230.95,56.39,108444.53,2021,Jawa Tengah,7.991178082191781,2916.78,25.259917808219182,27.14,22.99,87.78457534246576
kebumen,74646.4,52.65,392998.11,2021,Jawa Tengah,7.991178082191781,2916.78,25.259917808219182,27.14,22.99,87.78457534246576
purworejo,48392.48,53.49,258862.96,2021,Jawa Tengah,8.10095890410959,2956.85,23.082657534246575,24.79,20.46,89.28345205479452
wonosobo,13258.64,50.89,67478.55,2021,Jawa Tengah,8.10095890410959,2956.85,23.082657534246575,24.79,20.46,89.28345205479452
magelang,32597.0,52.02,169583.59,2021,Jawa Tengah,8.10095890410959,5913.7,23.082657534246575,24.79,20.46,89.28345205479452
boyolali,50948.41,56.17,286152.12,2021,Jawa Tengah,7.848657534246576,2864.76,24.75805479452055,26.55,22.19,86.45619178082191
klaten,67241.75,57.66,387733.09,2021,Jawa Tengah,7.848657534246576,2864.76,24.75805479452055,26.55,22.19,86.45619178082191
sukoharjo,49934.63,65.74,328274.86,2021,Jawa Tengah,7.848657534246576,2864.76,24.75805479452055,26.55,22.19,86.45619178082191
wonogiri,68773.44,59.03,405989.34,2021,Jawa Tengah,7.827342465753425,2856.98,25.973835616438357,27.7,24.17,85.01350684931506
karanganyar,45355.55,59.86,271489.92,2021,Jawa Tengah,7.304547945205479,2666.16,25.7427397260274,28.48,23.21,84.29224657534246
sragen,112110.79,66.28,743073.56,2021,Jawa Tengah,7.304547945205479,2666.16,25.7427397260274,28.48,23.21,84.29224657534246
grobogan,132664.34,60.37,800945.03,2021,Jawa Tengah,7.674136986301369,2801.06,26.548931506849318,28.74,24.63,82.53482191780822
blora,98966.73,48.9,483976.74,2021,Jawa Tengah,7.286520547945205,2659.58,26.670164383561644,29.46,24.6,82.89260273972603
rembang,37034.25,52.95,196084.4,2021,Jawa Tengah,6.624794520547946,2418.05,27.673972602739727,29.03,26.42,80.66120547945205
pati,99146.53,55.37,549004.67,2021,Jawa Tengah,6.624794520547946,2418.05,27.673972602739727,29.03,26.42,80.66120547945205
kudus,30112.21,56.91,171357.49,2021,Jawa Tengah,7.674136986301369,2801.06,26.548931506849318,28.74,24.63,82.53482191780822
jepara,39784.53,48.19,191725.78,2021,Jawa Tengah,6.906383561643835,2520.83,27.690712328767123,28.96,26.35,80.16780821917808
demak,106057.44,61.93,656822.84,2021,Jawa Tengah,7.674136986301369,2801.06,26.548931506849318,28.74,24.63,82.53482191780822
semarang,24906.33,52.61,131042.54,2021,Jawa Tengah,7.674136986301369,5602.12,26.548931506849318,28.74,24.63,82.53482191780822
temanggung,10722.22,58.73,62967.4,2021,Jawa Tengah,8.10095890410959,2956.85,23.082657534246575,24.79,20.46,89.28345205479452
kendal,33512.82,55.27,185217.59,2021,Jawa Tengah,7.584,2768.16,25.78558904109589,27.54,24.01,82.31246575342466
batang,28360.2,49.96,141701.4,2021,Jawa Tengah,7.584,2768.16,25.78558904109589,27.54,24.01,82.31246575342466
pekalongan,41792.02,44.42,185622.0,2021,Jawa Tengah,7.3932602739726025,5397.08,25.734219178082192,27.57,23.84,83.89845205479452
pemalang,75617.69,54.19,409805.38,2021,Jawa Tengah,7.2025205479452055,2628.92,25.68284931506849,27.57,23.84,85.48443835616439
tegal,65060.67,52.42,341080.17,2021,Jawa Tengah,7.2025205479452055,5257.84,25.68284931506849,27.57,23.84,85.48443835616439
brebes,86088.47,54.58,469889.52,2021,Jawa Tengah,7.464712328767123,2724.62,25.012027397260272,26.56,22.86,87.4541095890411
magelang,137.68,51.65,711.11,2021,Jawa Tengah,8.10095890410959,5913.7,23.082657534246575,24.79,20.46,89.28345205479452
surakarta,33.03,54.53,180.11,2021,Jawa Tengah,7.848657534246576,2864.76,24.75805479452055,26.55,22.19,86.45619178082191
salatiga,613.45,55.45,3401.4,2021,Jawa Tengah,7.848657534246576,2864.76,24.75805479452055,26.55,22.19,86.45619178082191
semarang,4285.43,47.34,20288.3,2021,Jawa Tengah,7.674136986301369,5602.12,26.548931506849318,28.74,24.63,82.53482191780822
pekalongan,1423.03,51.53,7332.35,2021,Jawa Tengah,7.3932602739726025,5397.08,25.734219178082192,27.57,23.84,83.89845205479452
tegal,504.64,48.4,2442.65,2021,Jawa Tengah,7.2025205479452055,5257.84,25.68284931506849,27.57,23.84,85.48443835616439
cilacap,122167.29,62.32,761355.92,2022,Jawa Tengah,9.67572602739726,3531.64,25.349397260273975,27.76,22.79,89.10827397260275
banyumas,52167.75,52.83,275622.59,2022,Jawa Tengah,9.363205479452056,3417.57,25.239753424657536,27.58,22.52,88.55301369863014
purbalingga,29039.68,53.06,154076.91,2022,Jawa Tengah,9.363205479452056,3417.57,25.239753424657536,27.58,22.52,88.55301369863014
banjarnegara,19542.41,55.8,109047.94,2022,Jawa Tengah,9.363205479452056,3417.57,25.239753424657536,27.58,22.52,88.55301369863014
kebumen,75408.34,56.34,424840.1,2022,Jawa Tengah,9.363205479452056,3417.57,25.239753424657536,27.58,22.52,88.55301369863014
purworejo,50953.04,54.78,279100.57,2022,Jawa Tengah,8.134849315068493,2969.22,23.097972602739727,25.11,20.2,89.80408219178082
wonosobo,13346.92,50.2,66996.75,2022,Jawa Tengah,8.134849315068493,2969.22,23.097972602739727,25.11,20.2,89.80408219178082
magelang,31929.17,52.96,169112.19,2022,Jawa Tengah,8.134849315068493,5938.44,23.097972602739727,25.11,20.2,89.80408219178082
boyolali,51247.81,57.35,293909.04,2022,Jawa Tengah,7.057616438356165,2576.03,24.66709589041096,26.66,21.6,87.62808219178082
klaten,63639.1,53.13,338083.63,2022,Jawa Tengah,7.057616438356165,2576.03,24.66709589041096,26.66,21.6,87.62808219178082
sukoharjo,47901.05,64.41,308529.08,2022,Jawa Tengah,7.057616438356165,2576.03,24.66709589041096,26.66,21.6,87.62808219178082
wonogiri,67238.77,56.98,383143.3,2022,Jawa Tengah,7.383616438356165,2695.02,25.933397260273974,27.85,23.21,85.81383561643835
karanganyar,44261.88,60.68,268582.78,2022,Jawa Tengah,6.783753424657535,2476.07,25.478712328767124,27.36,22.54,86.4247397260274
sragen,113182.95,55.36,626632.73,2022,Jawa Tengah,6.783753424657535,2476.07,25.478712328767124,27.36,22.54,86.4247397260274
grobogan,136397.69,57.1,778895.15,2022,Jawa Tengah,6.71076712328767,2449.43,26.4126301369863,28.0,24.04,83.63509589041097
blora,96903.57,49.72,481758.33,2022,Jawa Tengah,6.661726027397261,2431.53,26.378684931506847,28.39,24.18,85.04093150684932
rembang,34267.47,52.3,179211.77,2022,Jawa Tengah,6.250301369863014,2281.36,27.599287671232876,29.0,26.08,81.27326027397261
pati,105531.13,55.67,587469.44,2022,Jawa Tengah,6.250301369863014,2281.36,27.599287671232876,29.0,26.08,81.27326027397261
kudus,33253.32,58.85,195692.08,2022,Jawa Tengah,6.71076712328767,2449.43,26.4126301369863,28.0,24.04,83.63509589041097
jepara,41621.92,48.84,203279.05,2022,Jawa Tengah,6.389315068493151,2332.1,27.615698630136986,28.96,26.19,80.72180821917809
demak,103238.1,59.64,615685.96,2022,Jawa Tengah,6.71076712328767,2449.43,26.4126301369863,28.0,24.04,83.63509589041097
semarang,27162.32,50.72,137763.91,2022,Jawa Tengah,6.71076712328767,4898.86,26.4126301369863,28.0,24.04,83.63509589041097
temanggung,10088.95,56.39,56887.24,2022,Jawa Tengah,8.134849315068493,2969.22,23.097972602739727,25.11,20.2,89.80408219178082
kendal,30929.75,52.08,161073.29,2022,Jawa Tengah,7.0711506849315064,2580.97,25.768246575342467,27.32,23.94,82.76254794520548
batang,25790.52,50.76,130915.33,2022,Jawa Tengah,7.0711506849315064,2580.97,25.768246575342467,27.32,23.94,82.76254794520548
pekalongan,37108.56,44.45,164951.88,2022,Jawa Tengah,7.228383561643836,5276.72,25.685835616438357,27.48,23.78,84.52338356164384
pemalang,74711.52,52.3,390777.57,2022,Jawa Tengah,7.385616438356164,2695.75,25.603424657534248,27.48,23.78,86.2842191780822
tegal,63814.88,53.45,341113.01,2022,Jawa Tengah,7.385616438356164,5391.5,25.603424657534248,27.48,23.78,86.2842191780822
brebes,80034.23,55.25,442225.87,2022,Jawa Tengah,7.90745205479452,2886.22,24.91282191780822,26.6,22.48,88.27969863013699
magelang,140.8,51.54,725.68,2022,Jawa Tengah,8.134849315068493,5938.44,23.097972602739727,25.11,20.2,89.80408219178082
surakarta,27.21,49.64,135.08,2022,Jawa Tengah,7.057616438356165,2576.03,24.66709589041096,26.66,21.6,87.62808219178082
salatiga,607.48,55.67,3382.08,2022,Jawa Tengah,7.057616438356165,2576.03,24.66709589041096,26.66,21.6,87.62808219178082
semarang,3036.66,50.06,15201.27,2022,Jawa Tengah,6.71076712328767,4898.86,26.4126301369863,28.0,24.04,83.63509589041097
pekalongan,1351.42,52.19,7052.69,2022,Jawa Tengah,7.228383561643836,5276.72,25.685835616438357,27.48,23.78,84.52338356164384
tegal,625.99,51.36,3215.28,2022,Jawa Tengah,7.385616438356164,5391.5,25.603424657534248,27.48,23.78,86.2842191780822
cilacap,119730.72,64.52,772488.96,2023,Jawa Tengah,4.8987123287671235,1788.03,25.19778082191781,27.38,22.13,87.12671232876713
banyumas,51330.54,54.59,280224.38,2023,Jawa Tengah,4.796767123287671,1750.82,25.132602739726025,27.73,21.98,86.30153424657534
purbalingga,26110.28,53.68,140160.87,2023,Jawa Tengah,4.796767123287671,1750.82,25.132602739726025,27.73,21.98,86.30153424657534
banjarnegara,18552.34,52.09,96637.48,2023,Jawa Tengah,4.796767123287671,1750.82,25.132602739726025,27.73,21.98,86.30153424657534
kebumen,75547.03,53.52,404317.61,2023,Jawa Tengah,4.796767123287671,1750.82,25.132602739726025,27.73,21.98,86.30153424657534
purworejo,51160.94,56.24,287721.45,2023,Jawa Tengah,4.9027671232876715,1789.51,23.279205479452056,26.41,20.45,86.28523287671233
wonosobo,12578.2,48.22,60651.87,2023,Jawa Tengah,4.9027671232876715,1789.51,23.279205479452056,26.41,20.45,86.28523287671233
magelang,31381.63,51.21,160694.62,2023,Jawa Tengah,4.9027671232876715,3579.02,23.279205479452056,26.41,20.45,86.28523287671233
boyolali,49819.29,55.61,277037.84,2023,Jawa Tengah,4.978,1816.97,25.342767123287672,29.91,22.49,81.11876712328767
klaten,64377.47,54.97,353911.22,2023,Jawa Tengah,4.978,1816.97,25.342767123287672,29.91,22.49,81.11876712328767
sukoharjo,49628.07,70.27,348736.08,2023,Jawa Tengah,4.978,1816.97,25.342767123287672,29.91,22.49,81.11876712328767
wonogiri,66897.03,56.27,376431.03,2023,Jawa Tengah,5.094849315068493,1859.6200000000001,25.916986301369864,28.88,23.2,82.92323287671233
karanganyar,42874.47,62.18,266578.42,2023,Jawa Tengah,5.743205479452055,2096.27,26.444301369863012,31.77,23.52,78.41761643835616
sragen,109077.98,58.86,641988.28,2023,Jawa Tengah,5.743205479452055,2096.27,26.444301369863012,31.77,23.52,78.41761643835616
grobogan,129630.82,52.33,678350.41,2023,Jawa Tengah,4.993369863013698,1822.58,27.358986301369864,31.8,24.89,76.47630136986301
blora,98784.77,47.87,472868.55,2023,Jawa Tengah,5.469506849315069,1996.3700000000001,27.46117808219178,32.26,25.04,77.01468493150685
rembang,38263.49,56.35,215629.01,2023,Jawa Tengah,5.203534246575343,1899.29,27.969643835616438,30.12,26.37,78.4062191780822
pati,93852.59,54.14,508149.97,2023,Jawa Tengah,5.203534246575343,1899.29,27.969643835616438,30.12,26.37,78.4062191780822
kudus,29090.76,55.69,162001.48,2023,Jawa Tengah,4.993369863013698,1822.58,27.358986301369864,31.8,24.89,76.47630136986301
jepara,38029.74,49.26,187316.85,2023,Jawa Tengah,5.374219178082192,1961.59,28.025452054794524,30.24,26.18,77.50561643835616
demak,99263.51,56.92,564962.11,2023,Jawa Tengah,4.993369863013698,1822.58,27.358986301369864,31.8,24.89,76.47630136986301
semarang,26566.2,53.9,143193.67,2023,Jawa Tengah,4.993369863013698,3645.16,27.358986301369864,31.8,24.89,76.47630136986301
temanggung,8009.97,58.05,46499.41,2023,Jawa Tengah,4.9027671232876715,1789.51,23.279205479452056,26.41,20.45,86.28523287671233
kendal,29566.56,53.75,158931.43,2023,Jawa Tengah,4.6657534246575345,1703.0,26.440246575342467,29.87,24.31,77.25769863013699
batang,26690.07,54.83,146349.82,2023,Jawa Tengah,4.6657534246575345,1703.0,26.440246575342467,29.87,24.31,77.25769863013699
pekalongan,38115.12,44.48,169539.43,2023,Jawa Tengah,4.482246575342466,3272.04,26.209849315068492,29.87,23.41,79.94019178082192
pemalang,73832.38,52.12,384838.98,2023,Jawa Tengah,4.298739726027397,1569.04,25.97945205479452,29.45,23.41,82.62268493150684
tegal,59835.78,53.87,322355.32,2023,Jawa Tengah,4.298739726027397,3138.08,25.97945205479452,29.45,23.41,82.62268493150684
brebes,78814.2,53.84,424362.51,2023,Jawa Tengah,4.623643835616438,1687.6299999999999,25.097123287671234,28.08,22.21,85.1146301369863
magelang,123.5,52.34,646.43,2023,Jawa Tengah,4.9027671232876715,3579.02,23.279205479452056,26.41,20.45,86.28523287671233
surakarta,27.09,58.17,157.57,2023,Jawa Tengah,4.978,1816.97,25.342767123287672,29.91,22.49,81.11876712328767
salatiga,582.55,60.1,3501.04,2023,Jawa Tengah,4.978,1816.97,25.342767123287672,29.91,22.49,81.11876712328767
semarang,2765.75,57.58,15925.58,2023,Jawa Tengah,4.993369863013698,3645.16,27.358986301369864,31.8,24.89,76.47630136986301
pekalongan,1305.89,59.48,7766.8,2023,Jawa Tengah,4.482246575342466,3272.04,26.209849315068492,29.87,23.41,79.94019178082192
tegal,544.5,58.42,3181.05,2023,Jawa Tengah,4.298739726027397,3138.08,25.97945205479452,29.45,23.41,82.62268493150684
cilacap,106346.75,61.23,651135.71,2024,Jawa Tengah,7.130792349726776,2609.87,25.846284153005463,27.88,22.17,87.60989071038252
banyumas,45113.99,52.8,238181.19,2024,Jawa Tengah,6.958251366120218,2546.72,25.75803278688525,27.69,22.24,87.04729508196722
purbalingga,25308.33,54.7,138435.98,2024,Jawa Tengah,6.958251366120218,2546.72,25.75803278688525,27.69,22.24,87.04729508196722
banjarnegara,18116.88,56.9,103082.48,2024,Jawa Tengah,6.958251366120218,2546.72,25.75803278688525,27.69,22.24,87.04729508196722
kebumen,72338.28,51.78,374547.12,2024,Jawa Tengah,6.958251366120218,2546.72,25.75803278688525,27.69,22.24,87.04729508196722
purworejo,51878.07,53.87,279478.0,2024,Jawa Tengah,7.549043715846994,2762.95,23.681420765027323,25.53,20.26,88.65016393442623
wonosobo,11936.39,49.84,59488.44,2024,Jawa Tengah,7.549043715846994,2762.95,23.681420765027323,25.53,20.26,88.65016393442623
magelang,29938.09,50.7,151779.3,2024,Jawa Tengah,7.549043715846994,5525.9,23.681420765027323,25.53,20.26,88.65016393442623
boyolali,50261.49,55.7,279953.51,2024,Jawa Tengah,7.1292349726775965,2609.3,25.508142076502732,27.87,22.05,84.84128415300546
klaten,54219.39,56.23,304870.91,2024,Jawa Tengah,7.1292349726775965,2609.3,25.508142076502732,27.87,22.05,84.84128415300546
sukoharjo,42440.52,75.32,319661.43,2024,Jawa Tengah,7.1292349726775965,2609.3,25.508142076502732,27.87,22.05,84.84128415300546
wonogiri,54913.68,52.76,289707.98,2024,Jawa Tengah,7.042677595628415,2577.62,26.435300546448087,28.16,23.35,84.7558743169399
karanganyar,42671.12,60.83,259568.75,2024,Jawa Tengah,6.233060109289618,2281.3,26.623278688524593,30.4,23.14,81.8913387978142
sragen,111694.08,65.56,732281.33,2024,Jawa Tengah,6.233060109289618,2281.3,26.623278688524593,30.4,23.14,81.8913387978142
grobogan,119067.6,61.75,735187.08,2024,Jawa Tengah,6.845792349726776,2505.56,27.430382513661204,30.25,24.83,80.36879781420765
blora,84846.36,50.02,424410.81,2024,Jawa Tengah,6.408688524590164,2345.58,27.601393442622953,31.02,24.86,80.40180327868853
rembang,28021.04,48.98,137256.42,2024,Jawa Tengah,6.466147540983607,2366.61,28.305874316939892,29.77,26.79,80.05959016393443
pati,96537.15,54.63,527355.2,2024,Jawa Tengah,6.466147540983607,2366.61,28.305874316939892,29.77,26.79,80.05959016393443
kudus,30196.06,58.68,177192.04,2024,Jawa Tengah,6.845792349726776,2505.56,27.430382513661204,30.25,24.83,80.36879781420765
jepara,38973.62,51.9,202255.93,2024,Jawa Tengah,6.792158469945354,2485.93,28.336475409836066,29.75,26.91,79.46174863387978
demak,100311.34,59.36,595405.86,2024,Jawa Tengah,6.845792349726776,2505.56,27.430382513661204,30.25,24.83,80.36879781420765
semarang,25946.07,59.64,154736.31,2024,Jawa Tengah,6.845792349726776,5011.12,27.430382513661204,30.25,24.83,80.36879781420765
temanggung,7846.3,64.76,50813.53,2024,Jawa Tengah,7.549043715846994,2762.95,23.681420765027323,25.53,20.26,88.65016393442623
kendal,29188.5,59.98,175081.41,2024,Jawa Tengah,6.730710382513661,2463.44,26.58789617486339,29.07,24.06,80.5275956284153
batang,25536.62,54.79,139924.97,2024,Jawa Tengah,6.730710382513661,2463.44,26.58789617486339,29.07,24.06,80.5275956284153
pekalongan,37275.76,55.02,205076.95,2024,Jawa Tengah,6.264016393442623,4585.26,26.49665300546448,29.07,23.62,82.1903825136612
pemalang,73832.13,57.07,421329.41,2024,Jawa Tengah,5.797322404371585,2121.82,26.405409836065573,28.43,23.62,83.8531693989071
tegal,58571.44,53.39,312720.22,2024,Jawa Tengah,5.797322404371585,4243.64,26.405409836065573,28.43,23.62,83.8531693989071
brebes,76188.6,55.01,419117.47,2024,Jawa Tengah,6.159836065573771,2254.5,25.62745901639344,27.44,22.29,86.08341530054645
magelang,105.27,50.23,528.77,2024,Jawa Tengah,7.549043715846994,5525.9,23.681420765027323,25.53,20.26,88.65016393442623
surakarta,28.44,57.59,163.78,2024,Jawa Tengah,7.1292349726775965,2609.3,25.508142076502732,27.87,22.05,84.84128415300546
salatiga,603.98,66.44,4012.62,2024,Jawa Tengah,7.1292349726775965,2609.3,25.508142076502732,27.87,22.05,84.84128415300546
semarang,2581.9,55.04,14209.65,2024,Jawa Tengah,6.845792349726776,5011.12,27.430382513661204,30.25,24.83,80.36879781420765
pekalongan,1359.58,64.75,8803.8,2024,Jawa Tengah,6.264016393442623,4585.26,26.49665300546448,29.07,23.62,82.1903825136612
tegal,582.33,60.84,3542.69,2024,Jawa Tengah,5.797322404371585,4243.64,26.405409836065573,28.43,23.62,83.8531693989071
cilacap,125882.0,60.26,758569.0,2025,Jawa Tengah,9.634602739726027,3516.63,25.60482191780822,27.37,22.95,89.05569863013699
banyumas,51735.0,53.74,278014.0,2025,Jawa Tengah,9.39895890410959,3430.62,25.442356164383558,27.61,22.68,88.4696712328767
purbalingga,26909.0,52.81,142111.0,2025,Jawa Tengah,9.39895890410959,3430.62,25.442356164383558,27.61,22.68,88.4696712328767
banjarnegara,18004.0,54.53,98177.0,2025,Jawa Tengah,9.39895890410959,3430.62,25.442356164383558,27.61,22.68,88.4696712328767
kebumen,75456.0,54.65,412353.0,2025,Jawa Tengah,9.39895890410959,3430.62,25.442356164383558,27.61,22.68,88.4696712328767
purworejo,55815.0,55.64,310539.0,2025,Jawa Tengah,8.859287671232876,3233.64,23.289890410958904,24.89,20.52,89.86964383561643
wonosobo,12351.0,49.81,61519.0,2025,Jawa Tengah,8.859287671232876,3233.64,23.289890410958904,24.89,20.52,89.86964383561643
magelang,32669.0,50.36,164523.0,2025,Jawa Tengah,8.859287671232876,6467.28,23.289890410958904,24.89,20.52,89.86964383561643
boyolali,44501.0,55.12,245267.0,2025,Jawa Tengah,7.817287671232877,2853.31,24.866164383561642,26.96,21.92,87.43904109589042
klaten,61841.0,53.22,329137.0,2025,Jawa Tengah,7.817287671232877,2853.31,24.866164383561642,26.96,21.92,87.43904109589042
sukoharjo,43504.0,66.81,290643.0,2025,Jawa Tengah,7.817287671232877,2853.31,24.866164383561642,26.96,21.92,87.43904109589042
wonogiri,68762.0,52.29,359542.0,2025,Jawa Tengah,8.12068493150685,2964.05,26.16421917808219,27.89,23.34,85.63580821917809
karanganyar,43965.0,58.91,259006.0,2025,Jawa Tengah,7.252986301369863,2647.34,25.79301369863014,29.12,22.81,85.38249315068494
sragen,104924.0,65.8,690388.0,2025,Jawa Tengah,7.252986301369863,2647.34,25.79301369863014,29.12,22.81,85.38249315068494
grobogan,121944.0,59.37,724004.0,2025,Jawa Tengah,7.736767123287671,2823.92,26.61356164383562,28.98,24.31,83.64128767123287
blora,104159.0,50.57,526724.0,2025,Jawa Tengah,7.145616438356164,2608.15,26.71153424657534,29.83,24.2,84.03936986301369
rembang,35365.0,49.92,176533.0,2025,Jawa Tengah,7.166904109589042,2615.92,27.812027397260273,29.37,26.35,81.19304109589041
pati,109861.0,55.07,604967.0,2025,Jawa Tengah,7.166904109589042,2615.92,27.812027397260273,29.37,26.35,81.19304109589041
kudus,31799.0,55.01,174914.0,2025,Jawa Tengah,7.736767123287671,2823.92,26.61356164383562,28.98,24.31,83.64128767123287
jepara,42954.0,49.92,214441.0,2025,Jawa Tengah,8.313917808219179,3034.58,27.838438356164385,29.36,26.53,80.78641095890411
demak,108736.0,58.34,634373.0,2025,Jawa Tengah,7.736767123287671,2823.92,26.61356164383562,28.98,24.31,83.64128767123287
semarang,28539.0,55.91,159547.0,2025,Jawa Tengah,7.736767123287671,5647.84,26.61356164383562,28.98,24.31,83.64128767123287
temanggung,9388.0,58.64,55050.0,2025,Jawa Tengah,8.859287671232876,3233.64,23.289890410958904,24.89,20.52,89.86964383561643
kendal,31432.0,54.33,170759.0,2025,Jawa Tengah,8.22304109589041,3001.41,25.942438356164384,27.74,24.02,83.01591780821919
batang,23441.0,51.33,120335.0,2025,Jawa Tengah,8.22304109589041,3001.41,25.942438356164384,27.74,24.02,83.01591780821919
pekalongan,35481.0,49.95,177242.0,2025,Jawa Tengah,8.612219178082192,6286.92,25.88041095890411,27.74,23.52,84.7402602739726
pemalang,70445.0,53.05,373677.0,2025,Jawa Tengah,9.001397260273974,3285.51,25.818383561643834,27.73,23.52,86.46460273972602
tegal,62480.0,49.51,309316.0,2025,Jawa Tengah,9.001397260273974,6571.02,25.818383561643834,27.73,23.52,86.46460273972602
brebes,87615.0,51.71,453077.0,2025,Jawa Tengah,9.306054794520549,3396.71,25.153342465753422,27.0,22.36,88.47405479452054
magelang,101.0,48.76,491.0,2025,Jawa Tengah,8.859287671232876,6467.28,23.289890410958904,24.89,20.52,89.86964383561643
surakarta,42.0,58.29,248.0,2025,Jawa Tengah,7.817287671232877,2853.31,24.866164383561642,26.96,21.92,87.43904109589042
salatiga,704.0,60.5,4257.0,2025,Jawa Tengah,7.817287671232877,2853.31,24.866164383561642,26.96,21.92,87.43904109589042
semarang,2671.0,56.15,14996.0,2025,Jawa Tengah,7.736767123287671,5647.84,26.61356164383562,28.98,24.31,83.64128767123287
pekalongan,1227.0,63.14,7750.0,2025,Jawa Tengah,8.612219178082192,6286.92,25.88041095890411,27.74,23.52,84.7402602739726
tegal,292.0,53.94,1576.0,2025,Jawa Tengah,9.001397260273974,6571.02,25.818383561643834,27.73,23.52,86.46460273972602
pacitan,19311.99,46.44,89684.44,2018,Jawa Timur,5.06241095890411,1847.78,25.07802739726027,27.51,22.16,81.31509589041096
ponorogo,63443.6,59.46,377263.18,2018,Jawa Timur,5.06241095890411,1847.78,25.07802739726027,27.51,22.16,81.31509589041096
trenggalek,22732.51,53.04,120574.63,2018,Jawa Timur,5.06213698630137,1847.68,25.43490410958904,28.08,22.54,81.08646575342466
tulungagung,34919.88,62.11,216884.62,2018,Jawa Timur,5.06213698630137,1847.68,25.43490410958904,28.08,22.54,81.08646575342466
blitar,37101.96,60.42,224178.63,2018,Jawa Timur,5.06213698630137,3695.36,25.43490410958904,28.08,22.54,81.08646575342466
kediri,37008.78,59.4,219834.83,2018,Jawa Timur,5.06213698630137,3695.36,25.43490410958904,28.08,22.54,81.08646575342466
malang,50374.07,57.18,288019.9,2018,Jawa Timur,4.747068493150685,3465.36,24.55158904109589,27.49,21.46,80.23720547945206
lumajang,56617.2,54.88,310736.82,2018,Jawa Timur,4.124465753424658,1505.43,25.268191780821915,28.15,22.09,78.97794520547946
jember,125135.86,55.04,688809.35,2018,Jawa Timur,4.222876712328767,1541.35,24.123178082191778,27.86,20.5,80.71079452054794
banyuwangi,84360.77,60.99,514528.78,2018,Jawa Timur,5.9993698630136985,2189.77,24.467178082191783,26.89,21.07,83.82808219178082
bondowoso,49799.08,50.97,253835.28,2018,Jawa Timur,4.222876712328767,1541.35,24.123178082191778,27.86,20.5,80.71079452054794
situbondo,31622.51,55.52,175555.17,2018,Jawa Timur,4.097671232876713,1495.65,28.182547945205478,30.42,26.31,74.05106849315068
probolinggo,38415.47,45.96,176575.62,2018,Jawa Timur,4.124465753424658,3010.86,25.268191780821915,28.15,22.09,78.97794520547946
pasuruan,52562.4,57.54,302466.49,2018,Jawa Timur,4.021890410958904,2935.98,27.81860273972603,30.36,25.83,74.0964109589041
sidoarjo,37276.74,66.58,248200.92,2018,Jawa Timur,4.698301369863014,1714.88,26.767698630136984,30.81,24.33,74.4922191780822
mojokerto,52445.83,60.61,317873.85,2018,Jawa Timur,4.698301369863014,3429.76,26.767698630136984,30.81,24.33,74.4922191780822
jombang,63300.84,62.21,393773.29,2018,Jawa Timur,4.698301369863014,1714.88,26.767698630136984,30.81,24.33,74.4922191780822
nganjuk,65539.42,60.33,395385.12,2018,Jawa Timur,5.2795068493150685,1927.02,26.322575342465754,30.31,23.76,77.11219178082192
madiun,69132.72,58.58,404953.1,2018,Jawa Timur,5.3124383561643835,3878.08,26.239890410958903,30.48,23.33,77.52895890410959
magetan,45514.31,63.6,289458.37,2018,Jawa Timur,5.3124383561643835,1939.04,26.239890410958903,30.48,23.33,77.52895890410959
ngawi,121760.76,61.33,746762.6,2018,Jawa Timur,5.3124383561643835,1939.04,26.239890410958903,30.48,23.33,77.52895890410959
bojonegoro,134770.38,55.84,752513.4,2018,Jawa Timur,5.213013698630137,1902.75,27.61854794520548,30.4,25.34,75.58802739726028
tuban,95854.59,58.86,564241.12,2018,Jawa Timur,5.213013698630137,1902.75,27.61854794520548,30.4,25.34,75.58802739726028
lamongan,144781.98,61.93,896652.91,2018,Jawa Timur,4.58613698630137,1673.94,28.293972602739725,30.83,25.88,74.02704109589041
gresik,57721.64,60.93,351702.39,2018,Jawa Timur,4.58613698630137,1673.94,28.293972602739725,30.83,25.88,74.02704109589041
bangkalan,40957.48,59.5,243711.73,2018,Jawa Timur,4.58613698630137,1673.94,28.293972602739725,30.83,25.88,74.02704109589041
sampang,37723.93,50.11,189040.08,2018,Jawa Timur,3.9911780821917806,1456.78,28.263917808219176,30.71,26.07,74.71164383561644
pamekasan,21977.78,51.95,114179.46,2018,Jawa Timur,3.9517808219178083,1442.4,28.025753424657534,30.06,26.29,76.04210958904109
sumenep,46193.41,55.91,258284.99,2018,Jawa Timur,3.9517808219178083,1442.4,28.025753424657534,30.06,26.29,76.04210958904109
kediri,1581.85,64.52,10205.56,2018,Jawa Timur,5.06213698630137,3695.36,25.43490410958904,28.08,22.54,81.08646575342466
blitar,759.75,64.12,4871.29,2018,Jawa Timur,5.06213698630137,3695.36,25.43490410958904,28.08,22.54,81.08646575342466
malang,1857.02,63.81,11850.09,2018,Jawa Timur,4.747068493150685,3465.36,24.55158904109589,27.49,21.46,80.23720547945206
probolinggo,1165.41,49.31,5747.01,2018,Jawa Timur,4.124465753424658,3010.86,25.268191780821915,28.15,22.09,78.97794520547946
pasuruan,1819.04,65.13,11846.57,2018,Jawa Timur,4.021890410958904,2935.98,27.81860273972603,30.36,25.83,74.0964109589041
mojokerto,730.32,57.26,4182.15,2018,Jawa Timur,4.698301369863014,3429.76,26.767698630136984,30.81,24.33,74.4922191780822
madiun,1362.01,62.3,8485.37,2018,Jawa Timur,5.3124383561643835,3878.08,26.239890410958903,30.48,23.33,77.52895890410959
surabaya,2687.21,53.86,14474.53,2018,Jawa Timur,4.698301369863014,1714.88,26.767698630136984,30.81,24.33,74.4922191780822
batu,871.17,67.38,5869.53,2018,Jawa Timur,4.747068493150685,1732.68,24.55158904109589,27.49,21.46,80.23720547945206
pacitan,20504.49,44.84,91941.66,2019,Jawa Timur,4.451890410958904,1624.94,25.384191780821915,28.97,21.93,79.50065753424659
ponorogo,58080.19,55.48,322205.5,2019,Jawa Timur,4.451890410958904,1624.94,25.384191780821915,28.97,21.93,79.50065753424659
trenggalek,20474.89,54.81,112213.57,2019,Jawa Timur,4.564246575342466,1665.95,25.770794520547945,29.67,22.26,79.36449315068494
tulungagung,34584.26,56.8,196430.58,2019,Jawa Timur,4.564246575342466,1665.95,25.770794520547945,29.67,22.26,79.36449315068494
blitar,36193.94,61.9,224027.19,2019,Jawa Timur,4.564246575342466,3331.9,25.770794520547945,29.67,22.26,79.36449315068494
kediri,39448.75,56.49,222837.82,2019,Jawa Timur,4.564246575342466,3331.9,25.770794520547945,29.67,22.26,79.36449315068494
malang,48397.75,58.08,281072.26,2019,Jawa Timur,4.4311780821917806,3234.7599999999998,24.946794520547947,29.32,21.52,78.066
lumajang,53466.4,53.1,283894.22,2019,Jawa Timur,3.6974794520547944,1349.58,25.633780821917806,29.93,22.28,77.12219178082191
jember,123591.19,49.91,616858.41,2019,Jawa Timur,3.9415890410958907,1438.68,24.648630136986302,30.08,20.21,77.8814794520548
banyuwangi,81552.77,54.6,445253.86,2019,Jawa Timur,5.18772602739726,1893.52,24.714383561643835,28.59,21.44,82.1929315068493
bondowoso,53458.86,47.02,251371.94,2019,Jawa Timur,3.9415890410958907,1438.68,24.648630136986302,30.08,20.21,77.8814794520548
situbondo,30225.88,55.47,167665.54,2019,Jawa Timur,4.024547945205479,1468.96,28.343972602739726,31.51,26.26,73.26742465753425
probolinggo,39464.38,49.1,193774.5,2019,Jawa Timur,3.6974794520547944,2699.16,25.633780821917806,29.93,22.28,77.12219178082191
pasuruan,53788.66,50.1,269463.05,2019,Jawa Timur,3.9204657534246574,2861.94,28.069780821917806,31.67,25.94,72.79791780821918
sidoarjo,34287.25,68.48,234788.11,2019,Jawa Timur,4.463452054794521,1629.16,27.160712328767122,32.0,24.22,72.14843835616439
mojokerto,54993.37,61.78,339755.88,2019,Jawa Timur,4.463452054794521,3258.32,27.160712328767122,32.0,24.22,72.14843835616439
jombang,56138.02,61.32,344236.34,2019,Jawa Timur,4.463452054794521,1629.16,27.160712328767122,32.0,24.22,72.14843835616439
nganjuk,65066.04,61.45,399845.68,2019,Jawa Timur,4.533315068493151,1654.66,26.858520547945208,31.47,23.43,74.15986301369863
madiun,68014.65,61.65,419292.44,2019,Jawa Timur,4.529205479452055,3306.32,26.802410958904108,31.59,23.09,74.4241095890411
magetan,42231.51,61.72,260671.35,2019,Jawa Timur,4.529205479452055,1653.16,26.802410958904108,31.59,23.09,74.4241095890411
ngawi,122500.97,63.44,777190.36,2019,Jawa Timur,4.529205479452055,1653.16,26.802410958904108,31.59,23.09,74.4241095890411
bojonegoro,128863.83,53.71,692073.16,2019,Jawa Timur,4.488383561643835,1638.26,28.01317808219178,31.4,25.29,73.25917808219178
tuban,91199.72,57.01,519934.36,2019,Jawa Timur,4.488383561643835,1638.26,28.01317808219178,31.4,25.29,73.25917808219178
lamongan,140463.58,59.78,839724.43,2019,Jawa Timur,4.366547945205479,1593.79,28.56060273972603,31.63,26.2,72.46964383561644
gresik,61643.05,59.65,367717.66,2019,Jawa Timur,4.366547945205479,1593.79,28.56060273972603,31.63,26.2,72.46964383561644
bangkalan,39854.38,50.59,201620.0,2019,Jawa Timur,4.366547945205479,1593.79,28.56060273972603,31.63,26.2,72.46964383561644
sampang,33052.04,47.27,156219.52,2019,Jawa Timur,4.030191780821918,1471.02,28.469671232876713,31.42,26.54,73.5287397260274
pamekasan,20169.17,45.27,91313.32,2019,Jawa Timur,3.9611506849315066,1445.82,28.14917808219178,30.9,26.47,75.16191780821917
sumenep,38411.97,48.45,186090.84,2019,Jawa Timur,3.9611506849315066,1445.82,28.14917808219178,30.9,26.47,75.16191780821917
kediri,1396.04,50.38,7032.99,2019,Jawa Timur,4.564246575342466,3331.9,25.770794520547945,29.67,22.26,79.36449315068494
blitar,911.72,66.74,6084.58,2019,Jawa Timur,4.564246575342466,3331.9,25.770794520547945,29.67,22.26,79.36449315068494
malang,2019.48,68.88,13909.7,2019,Jawa Timur,4.4311780821917806,3234.7599999999998,24.946794520547947,29.32,21.52,78.066
probolinggo,1402.28,51.1,7165.2,2019,Jawa Timur,3.6974794520547944,2699.16,25.633780821917806,29.93,22.28,77.12219178082191
pasuruan,2055.26,52.57,10804.71,2019,Jawa Timur,3.9204657534246574,2861.94,28.069780821917806,31.67,25.94,72.79791780821918
mojokerto,700.93,50.87,3565.88,2019,Jawa Timur,4.463452054794521,3258.32,27.160712328767122,32.0,24.22,72.14843835616439
madiun,1302.28,63.42,8259.39,2019,Jawa Timur,4.529205479452055,3306.32,26.802410958904108,31.59,23.09,74.4241095890411
surabaya,1724.45,55.65,9596.78,2019,Jawa Timur,4.463452054794521,1629.16,27.160712328767122,32.0,24.22,72.14843835616439
batu,791.96,63.53,5031.1,2019,Jawa Timur,4.4311780821917806,1617.3799999999999,24.946794520547947,29.32,21.52,78.066
pacitan,19292.31,43.51,83940.9,2020,Jawa Timur,6.914098360655737,2530.56,25.41150273224044,27.26,22.21,84.43792349726776
ponorogo,65073.25,57.99,377333.2,2020,Jawa Timur,6.914098360655737,2530.56,25.41150273224044,27.26,22.21,84.43792349726776
trenggalek,19630.82,55.24,108445.62,2020,Jawa Timur,7.0429234972677595,2577.71,25.736967213114752,27.48,22.27,84.34606557377049
tulungagung,36689.03,58.44,214398.13,2020,Jawa Timur,7.0429234972677595,2577.71,25.736967213114752,27.48,22.27,84.34606557377049
blitar,34794.97,56.57,196847.53,2020,Jawa Timur,7.0429234972677595,5155.42,25.736967213114752,27.48,22.27,84.34606557377049
kediri,36363.62,59.38,215913.41,2020,Jawa Timur,7.0429234972677595,5155.42,25.736967213114752,27.48,22.27,84.34606557377049
malang,46121.03,59.49,274389.82,2020,Jawa Timur,7.1913661202185795,5264.08,24.793688524590163,27.37,21.17,83.62024590163934
lumajang,53781.48,54.05,290688.21,2020,Jawa Timur,6.320409836065574,2313.27,25.52532786885246,27.91,22.33,82.07844262295082
jember,121605.87,48.54,590263.37,2020,Jawa Timur,6.5586612021857915,2400.47,24.29915300546448,27.23,20.32,83.92576502732241
banyuwangi,83992.78,56.06,470832.63,2020,Jawa Timur,8.44811475409836,3092.0099999999998,24.897404371584702,26.85,21.61,84.84008196721312
bondowoso,54209.66,48.15,261018.48,2020,Jawa Timur,6.5586612021857915,2400.47,24.29915300546448,27.23,20.32,83.92576502732241
situbondo,30529.3,52.39,159928.19,2020,Jawa Timur,6.4350000000000005,2355.21,28.374043715846994,30.18,26.24,76.46890710382513
probolinggo,36925.53,52.16,192600.06,2020,Jawa Timur,6.320409836065574,4626.54,25.52532786885246,27.91,22.33,82.07844262295082
pasuruan,53127.08,51.37,272936.27,2020,Jawa Timur,6.297404371584699,4609.7,27.98822404371585,30.41,25.86,77.02573770491803
sidoarjo,34321.14,60.93,209109.93,2020,Jawa Timur,6.914207650273224,2530.6,26.727978142076505,30.65,24.1,79.18161202185793
mojokerto,54504.65,57.37,312686.37,2020,Jawa Timur,6.914207650273224,5061.2,26.727978142076505,30.65,24.1,79.18161202185793
jombang,55793.12,61.51,343163.9,2020,Jawa Timur,6.914207650273224,2530.6,26.727978142076505,30.65,24.1,79.18161202185793
nganjuk,71155.01,61.4,436884.05,2020,Jawa Timur,6.803770491803278,2490.18,26.210601092896173,29.79,23.25,82.50625683060109
madiun,73000.03,61.1,446052.38,2020,Jawa Timur,6.737103825136613,4931.56,26.07622950819672,29.18,23.01,83.36265027322405
magetan,46821.62,66.01,309053.07,2020,Jawa Timur,6.737103825136613,2465.78,26.07622950819672,29.18,23.01,83.36265027322405
ngawi,125908.27,66.54,837773.15,2020,Jawa Timur,6.737103825136613,2465.78,26.07622950819672,29.18,23.01,83.36265027322405
bojonegoro,135635.02,53.74,728915.12,2020,Jawa Timur,6.763633879781421,2475.49,27.501967213114753,30.09,25.31,80.40035519125682
tuban,92341.72,54.91,507053.88,2020,Jawa Timur,6.763633879781421,2475.49,27.501967213114753,30.09,25.31,80.40035519125682
lamongan,148030.9,59.86,886060.99,2020,Jawa Timur,6.773989071038252,2479.28,28.31789617486339,31.24,26.28,77.67489071038251
gresik,67010.8,60.84,407716.63,2020,Jawa Timur,6.773989071038252,2479.28,28.31789617486339,31.24,26.28,77.67489071038251
bangkalan,44047.57,47.06,207294.89,2020,Jawa Timur,6.773989071038252,2479.28,28.31789617486339,31.24,26.28,77.67489071038251
sampang,37792.37,50.73,191735.47,2020,Jawa Timur,6.339180327868852,2320.14,28.37109289617486,30.73,26.67,77.62038251366121
pamekasan,20170.12,50.48,101827.44,2020,Jawa Timur,6.368415300546449,2330.84,28.185464480874316,29.94,26.49,78.37770491803279
sumenep,42754.1,53.56,228980.21,2020,Jawa Timur,6.368415300546449,2330.84,28.185464480874316,29.94,26.49,78.37770491803279
kediri,1686.21,60.99,10283.81,2020,Jawa Timur,7.0429234972677595,5155.42,25.736967213114752,27.48,22.27,84.34606557377049
blitar,771.27,68.38,5274.24,2020,Jawa Timur,7.0429234972677595,5155.42,25.736967213114752,27.48,22.27,84.34606557377049
malang,1738.53,67.43,11723.75,2020,Jawa Timur,7.1913661202185795,5264.08,24.793688524590163,27.37,21.17,83.62024590163934
probolinggo,1449.75,52.03,7543.19,2020,Jawa Timur,6.320409836065574,4626.54,25.52532786885246,27.91,22.33,82.07844262295082
pasuruan,1648.68,61.35,10115.21,2020,Jawa Timur,6.297404371584699,4609.7,27.98822404371585,30.41,25.86,77.02573770491803
mojokerto,733.26,60.85,4461.78,2020,Jawa Timur,6.914207650273224,5061.2,26.727978142076505,30.65,24.1,79.18161202185793
madiun,2313.68,65.55,15166.53,2020,Jawa Timur,6.737103825136613,4931.56,26.07622950819672,29.18,23.01,83.36265027322405
surabaya,1865.64,59.7,11138.05,2020,Jawa Timur,6.914207650273224,2530.6,26.727978142076505,30.65,24.1,79.18161202185793
batu,750.11,66.5,4988.4,2020,Jawa Timur,7.1913661202185795,2632.04,24.793688524590163,27.37,21.17,83.62024590163934
pacitan,18894.01,46.64,88116.57,2021,Jawa Timur,7.312876712328767,2669.2,25.158602739726025,26.89,22.98,84.97230136986302
ponorogo,68741.09,58.87,404665.04,2021,Jawa Timur,7.312876712328767,2669.2,25.158602739726025,26.89,22.98,84.97230136986302
trenggalek,22491.95,51.78,116456.34,2021,Jawa Timur,7.414438356164384,2706.27,25.47750684931507,27.53,23.05,84.80358904109589
tulungagung,39850.76,59.7,237916.96,2021,Jawa Timur,7.414438356164384,2706.27,25.47750684931507,27.53,23.05,84.80358904109589
blitar,38640.6,64.02,247366.27,2021,Jawa Timur,7.414438356164384,5412.54,25.47750684931507,27.53,23.05,84.80358904109589
kediri,35113.22,56.45,198222.01,2021,Jawa Timur,7.414438356164384,5412.54,25.47750684931507,27.53,23.05,84.80358904109589
malang,45344.49,60.28,273358.61,2021,Jawa Timur,7.064219178082192,5156.88,24.591424657534247,27.65,21.71,83.66887671232877
lumajang,56671.26,52.07,295075.52,2021,Jawa Timur,6.412575342465754,2340.59,25.270246575342465,27.91,22.55,82.5581095890411
jember,124027.77,49.64,615697.87,2021,Jawa Timur,6.400383561643835,2336.14,24.034876712328767,27.52,20.92,84.46117808219178
banyuwangi,89125.2,57.61,513490.07,2021,Jawa Timur,8.707561643835616,3178.2599999999998,24.5907397260274,26.17,22.39,85.75539726027398
bondowoso,51620.95,50.16,258951.46,2021,Jawa Timur,6.400383561643835,2336.14,24.034876712328767,27.52,20.92,84.46117808219178
situbondo,30388.14,49.74,151157.12,2021,Jawa Timur,6.235315068493151,2275.89,28.119095890410957,30.48,26.02,76.83945205479452
probolinggo,37043.19,51.34,190180.14,2021,Jawa Timur,6.412575342465754,4681.18,25.270246575342465,27.91,22.55,82.5581095890411
pasuruan,50305.51,52.67,264950.78,2021,Jawa Timur,6.1053424657534245,4456.9,27.748602739726028,30.6,25.65,77.23317808219178
sidoarjo,32586.19,62.14,202501.4,2021,Jawa Timur,6.691205479452055,2442.29,26.495753424657536,30.53,24.0,79.33545205479452
mojokerto,51258.22,57.95,297042.32,2021,Jawa Timur,6.691205479452055,4884.58,26.495753424657536,30.53,24.0,79.33545205479452
jombang,54968.44,59.46,326826.64,2021,Jawa Timur,6.691205479452055,2442.29,26.495753424657536,30.53,24.0,79.33545205479452
nganjuk,72439.86,59.26,429311.01,2021,Jawa Timur,7.118739726027398,2598.34,25.894931506849314,29.11,23.26,83.23698630136987
madiun,75713.29,60.99,461798.12,2021,Jawa Timur,7.304547945205479,5332.32,25.7427397260274,28.48,23.21,84.29224657534246
magetan,48487.59,63.37,307279.68,2021,Jawa Timur,7.304547945205479,2666.16,25.7427397260274,28.48,23.21,84.29224657534246
ngawi,128737.95,61.09,786475.65,2021,Jawa Timur,7.304547945205479,2666.16,25.7427397260274,28.48,23.21,84.29224657534246
bojonegoro,134609.22,50.07,674002.0,2021,Jawa Timur,6.9801095890410965,2547.7400000000002,27.202410958904107,29.86,25.15,80.9928493150685
tuban,88049.64,55.58,489418.62,2021,Jawa Timur,6.9801095890410965,2547.7400000000002,27.202410958904107,29.86,25.15,80.9928493150685
lamongan,138450.43,57.25,792662.09,2021,Jawa Timur,6.659150684931507,2430.59,28.055643835616436,30.46,26.01,78.01761643835617
gresik,61394.39,61.84,379666.19,2021,Jawa Timur,6.659150684931507,2430.59,28.055643835616436,30.46,26.01,78.01761643835617
bangkalan,42110.04,46.38,195323.29,2021,Jawa Timur,6.659150684931507,2430.59,28.055643835616436,30.46,26.01,78.01761643835617
sampang,38151.91,51.27,195600.69,2021,Jawa Timur,6.057205479452055,2210.88,28.113150684931504,30.54,26.02,77.91890410958905
pamekasan,18925.74,51.11,96723.97,2021,Jawa Timur,6.046904109589041,2207.12,27.930164383561646,30.25,26.06,78.86397260273972
sumenep,40298.59,55.08,221979.41,2021,Jawa Timur,6.046904109589041,2207.12,27.930164383561646,30.25,26.06,78.86397260273972
kediri,1735.3,54.95,9534.86,2021,Jawa Timur,7.414438356164384,5412.54,25.47750684931507,27.53,23.05,84.80358904109589
blitar,884.95,65.46,5793.3,2021,Jawa Timur,7.414438356164384,5412.54,25.47750684931507,27.53,23.05,84.80358904109589
malang,1791.43,63.14,11311.4,2021,Jawa Timur,7.064219178082192,5156.88,24.591424657534247,27.65,21.71,83.66887671232877
probolinggo,1530.83,58.3,8924.08,2021,Jawa Timur,6.412575342465754,4681.18,25.270246575342465,27.91,22.55,82.5581095890411
pasuruan,1553.82,53.45,8304.59,2021,Jawa Timur,6.1053424657534245,4456.9,27.748602739726028,30.6,25.65,77.23317808219178
mojokerto,754.27,58.53,4414.93,2021,Jawa Timur,6.691205479452055,4884.58,26.495753424657536,30.53,24.0,79.33545205479452
madiun,2229.49,60.58,13505.81,2021,Jawa Timur,7.304547945205479,5332.32,25.7427397260274,28.48,23.21,84.29224657534246
surabaya,1736.08,56.64,9832.67,2021,Jawa Timur,6.691205479452055,2442.29,26.495753424657536,30.53,24.0,79.33545205479452
batu,825.39,69.67,5750.19,2021,Jawa Timur,7.064219178082192,2578.44,24.591424657534247,27.65,21.71,83.66887671232877
pacitan,17831.47,50.71,90428.21,2022,Jawa Timur,6.943835616438356,2534.5,25.064904109589044,27.07,22.06,86.17687671232878
ponorogo,62964.37,57.08,359413.77,2022,Jawa Timur,6.943835616438356,2534.5,25.064904109589044,27.07,22.06,86.17687671232878
trenggalek,22026.97,52.55,115758.01,2022,Jawa Timur,7.024575342465753,2563.97,25.32991780821918,27.13,22.02,86.464
tulungagung,39531.25,52.42,207217.26,2022,Jawa Timur,7.024575342465753,2563.97,25.32991780821918,27.13,22.02,86.464
blitar,34137.74,63.12,215482.79,2022,Jawa Timur,7.024575342465753,5127.94,25.32991780821918,27.13,22.02,86.464
kediri,29379.86,57.47,168853.55,2022,Jawa Timur,7.024575342465753,5127.94,25.32991780821918,27.13,22.02,86.464
malang,45901.91,59.17,271606.78,2022,Jawa Timur,7.324547945205479,5346.92,24.278520547945206,26.16,20.58,86.71657534246575
lumajang,55042.5,54.65,300829.01,2022,Jawa Timur,6.481205479452054,2365.64,25.06158904109589,26.77,21.63,84.85668493150685
jember,118489.25,51.26,607371.19,2022,Jawa Timur,6.525095890410959,2381.66,23.815315068493152,25.58,20.15,87.07394520547946
banyuwangi,76748.03,60.22,462205.98,2022,Jawa Timur,8.516136986301369,3108.39,24.683616438356164,26.21,21.7,86.1846301369863
bondowoso,48240.7,49.48,238677.65,2022,Jawa Timur,6.525095890410959,2381.66,23.815315068493152,25.58,20.15,87.07394520547946
situbondo,26784.22,52.88,141628.0,2022,Jawa Timur,6.410821917808219,2339.95,28.037698630136987,29.83,25.95,78.14290410958904
probolinggo,33503.12,55.34,185412.51,2022,Jawa Timur,6.481205479452054,4731.28,25.06158904109589,26.77,21.63,84.85668493150685
pasuruan,47384.82,52.18,247255.72,2022,Jawa Timur,6.286054794520547,4588.82,27.54671232876712,29.59,25.13,79.47808219178083
sidoarjo,31368.74,62.02,194540.45,2022,Jawa Timur,6.909808219178082,2522.08,25.978109589041097,29.47,22.67,83.68901369863013
mojokerto,49395.45,57.06,281829.41,2022,Jawa Timur,6.909808219178082,5044.16,25.978109589041097,29.47,22.67,83.68901369863013
jombang,54896.68,61.42,337172.14,2022,Jawa Timur,6.909808219178082,2522.08,25.978109589041097,29.47,22.67,83.68901369863013
nganjuk,70331.77,53.53,376476.43,2022,Jawa Timur,6.8657808219178085,2506.01,25.499232876712327,27.7,22.5,86.39923287671233
madiun,73061.53,54.96,401573.69,2022,Jawa Timur,6.783753424657535,4952.14,25.478712328767124,27.36,22.54,86.4247397260274
magetan,43965.49,60.66,266699.89,2022,Jawa Timur,6.783753424657535,2476.07,25.478712328767124,27.36,22.54,86.4247397260274
ngawi,128585.79,58.79,755938.95,2022,Jawa Timur,6.783753424657535,2476.07,25.478712328767124,27.36,22.54,86.4247397260274
bojonegoro,133665.5,52.69,704288.94,2022,Jawa Timur,6.738191780821918,2459.44,26.90783561643836,29.23,24.73,83.38895890410959
tuban,85288.02,58.5,498938.59,2022,Jawa Timur,6.738191780821918,2459.44,26.90783561643836,29.23,24.73,83.38895890410959
lamongan,150903.4,59.9,903882.29,2022,Jawa Timur,6.834,2494.41,27.750465753424656,30.67,25.7,80.65369863013699
gresik,63287.2,64.98,411242.2,2022,Jawa Timur,6.834,2494.41,27.750465753424656,30.67,25.7,80.65369863013699
bangkalan,40717.81,48.66,198122.71,2022,Jawa Timur,6.834,2494.41,27.750465753424656,30.67,25.7,80.65369863013699
sampang,34880.84,49.45,172494.38,2022,Jawa Timur,6.344657534246576,2315.8,27.94021917808219,30.31,26.01,79.75723287671232
pamekasan,20497.42,52.52,107648.71,2022,Jawa Timur,6.276849315068493,2291.05,27.862630136986304,29.63,25.91,79.90865753424657
sumenep,41835.41,55.12,230581.31,2022,Jawa Timur,6.276849315068493,2291.05,27.862630136986304,29.63,25.91,79.90865753424657
kediri,1864.13,54.7,10197.5,2022,Jawa Timur,7.024575342465753,5127.94,25.32991780821918,27.13,22.02,86.464
blitar,728.19,71.58,5212.13,2022,Jawa Timur,7.024575342465753,5127.94,25.32991780821918,27.13,22.02,86.464
malang,1718.11,62.69,10771.15,2022,Jawa Timur,7.324547945205479,5346.92,24.278520547945206,26.16,20.58,86.71657534246575
probolinggo,1323.99,61.21,8103.92,2022,Jawa Timur,6.481205479452054,4731.28,25.06158904109589,26.77,21.63,84.85668493150685
pasuruan,1393.98,52.32,7293.69,2022,Jawa Timur,6.286054794520547,4588.82,27.54671232876712,29.59,25.13,79.47808219178083
mojokerto,833.03,60.42,5032.96,2022,Jawa Timur,6.909808219178082,5044.16,25.978109589041097,29.47,22.67,83.68901369863013
madiun,2194.58,52.19,11453.92,2022,Jawa Timur,6.783753424657535,4952.14,25.478712328767124,27.36,22.54,86.4247397260274
surabaya,1447.98,56.06,8117.31,2022,Jawa Timur,6.909808219178082,2522.08,25.978109589041097,29.47,22.67,83.68901369863013
batu,1059.45,63.83,6762.57,2022,Jawa Timur,7.324547945205479,2673.46,24.278520547945206,26.16,20.58,86.71657534246575
pacitan,17923.4,51.88,92992.64,2023,Jawa Timur,5.899424657534246,2153.29,25.236986301369864,28.65,22.43,82.23698630136987
ponorogo,66594.55,59.01,392994.08,2023,Jawa Timur,5.899424657534246,2153.29,25.236986301369864,28.65,22.43,82.23698630136987
trenggalek,22049.36,52.1,114874.53,2023,Jawa Timur,6.004246575342466,2191.55,25.63082191780822,29.28,22.79,82.03482191780822
tulungagung,40238.66,58.53,235502.11,2023,Jawa Timur,6.004246575342466,2191.55,25.63082191780822,29.28,22.79,82.03482191780822
blitar,36340.17,66.1,240224.41,2023,Jawa Timur,6.004246575342466,4383.1,25.63082191780822,29.28,22.79,82.03482191780822
kediri,31268.33,58.7,183533.76,2023,Jawa Timur,6.004246575342466,4383.1,25.63082191780822,29.28,22.79,82.03482191780822
malang,43918.59,63.61,279365.91,2023,Jawa Timur,6.374328767123288,4653.26,24.82180821917808,29.0,22.04,80.71347945205478
lumajang,55128.79,55.99,308646.08,2023,Jawa Timur,4.746657534246575,1732.53,25.522219178082192,29.47,22.51,79.62298630136986
jember,120187.87,51.31,616725.77,2023,Jawa Timur,5.333150684931507,1946.6,24.458931506849314,29.22,20.94,81.04887671232876
banyuwangi,75062.48,60.59,454768.46,2023,Jawa Timur,6.863534246575343,2505.19,24.757534246575343,27.12,22.17,84.1748493150685
bondowoso,50364.98,49.2,247778.74,2023,Jawa Timur,5.333150684931507,1946.6,24.458931506849314,29.22,20.94,81.04887671232876
situbondo,27917.32,56.34,157273.25,2023,Jawa Timur,5.225150684931507,1907.18,28.418465753424655,31.16,26.04,74.49123287671233
probolinggo,35121.69,57.24,201044.34,2023,Jawa Timur,4.746657534246575,3465.06,25.522219178082192,29.47,22.51,79.62298630136986
pasuruan,48999.14,53.07,260061.94,2023,Jawa Timur,4.90558904109589,3581.08,28.10027397260274,31.31,25.67,74.48468493150685
sidoarjo,31030.46,63.12,195855.35,2023,Jawa Timur,6.519095890410959,2379.4700000000003,27.078684931506846,31.88,24.44,74.89013698630137
mojokerto,53462.15,56.66,302890.75,2023,Jawa Timur,6.519095890410959,4758.9400000000005,27.078684931506846,31.88,24.44,74.89013698630137
jombang,56762.71,61.11,346873.45,2023,Jawa Timur,6.519095890410959,2379.4700000000003,27.078684931506846,31.88,24.44,74.89013698630137
nganjuk,72039.49,58.04,418096.11,2023,Jawa Timur,6.145753424657534,2243.2,26.575671232876715,31.75,23.89,77.88909589041096
madiun,74784.95,58.51,437593.08,2023,Jawa Timur,5.743205479452055,4192.54,26.444301369863012,31.77,23.52,78.41761643835616
magetan,44424.0,63.16,280592.09,2023,Jawa Timur,5.743205479452055,2096.27,26.444301369863012,31.77,23.52,78.41761643835616
ngawi,124922.92,61.74,771251.37,2023,Jawa Timur,5.743205479452055,2096.27,26.444301369863012,31.77,23.52,78.41761643835616
bojonegoro,132712.02,53.2,705962.63,2023,Jawa Timur,6.054904109589041,2210.04,27.808547945205483,31.7,25.38,76.60443835616438
tuban,84115.63,59.65,501741.12,2023,Jawa Timur,6.054904109589041,2210.04,27.808547945205483,31.7,25.38,76.60443835616438
lamongan,139704.81,57.17,798704.85,2023,Jawa Timur,6.235643835616439,2276.01,28.508657534246574,31.99,26.11,74.86758904109588
gresik,66202.61,63.05,417428.58,2023,Jawa Timur,6.235643835616439,2276.01,28.508657534246574,31.99,26.11,74.86758904109588
bangkalan,38011.82,49.0,186257.96,2023,Jawa Timur,6.235643835616439,2276.01,28.508657534246574,31.99,26.11,74.86758904109588
sampang,34795.54,48.05,167191.35,2023,Jawa Timur,5.139917808219178,1876.07,28.47298630136986,31.63,26.08,75.53479452054795
pamekasan,19884.36,54.56,108483.14,2023,Jawa Timur,5.00813698630137,1827.97,28.20868493150685,31.01,26.06,76.87734246575343
sumenep,42432.97,51.33,217810.48,2023,Jawa Timur,5.00813698630137,1827.97,28.20868493150685,31.01,26.06,76.87734246575343
kediri,1519.69,54.43,8271.57,2023,Jawa Timur,6.004246575342466,4383.1,25.63082191780822,29.28,22.79,82.03482191780822
blitar,786.57,71.66,5636.68,2023,Jawa Timur,6.004246575342466,4383.1,25.63082191780822,29.28,22.79,82.03482191780822
malang,1632.88,63.19,10318.57,2023,Jawa Timur,6.374328767123288,4653.26,24.82180821917808,29.0,22.04,80.71347945205478
probolinggo,1309.44,57.29,7502.06,2023,Jawa Timur,4.746657534246575,3465.06,25.522219178082192,29.47,22.51,79.62298630136986
pasuruan,1374.7,58.34,8020.03,2023,Jawa Timur,4.90558904109589,3581.08,28.10027397260274,31.31,25.67,74.48468493150685
mojokerto,620.48,53.07,3292.78,2023,Jawa Timur,6.519095890410959,4758.9400000000005,27.078684931506846,31.88,24.44,74.89013698630137
madiun,2204.48,55.2,12169.62,2023,Jawa Timur,5.743205479452055,4192.54,26.444301369863012,31.77,23.52,78.41761643835616
surabaya,1506.01,53.58,8068.88,2023,Jawa Timur,6.519095890410959,2379.4700000000003,27.078684931506846,31.88,24.44,74.89013698630137
batu,727.29,66.86,4862.81,2023,Jawa Timur,6.374328767123288,2326.63,24.82180821917808,29.0,22.04,80.71347945205478
pacitan,14602.85,47.7,69650.98,2024,Jawa Timur,6.098360655737705,2232.0,25.71103825136612,27.81,22.65,84.3053825136612
ponorogo,63395.6,59.82,379244.91,2024,Jawa Timur,6.098360655737705,2232.0,25.71103825136612,27.81,22.65,84.3053825136612
trenggalek,18239.46,57.49,104859.35,2024,Jawa Timur,6.17207650273224,2258.98,26.032622950819672,28.52,22.7,84.4343169398907
tulungagung,34167.99,62.87,214820.77,2024,Jawa Timur,6.17207650273224,2258.98,26.032622950819672,28.52,22.7,84.4343169398907
blitar,30789.76,55.59,171154.02,2024,Jawa Timur,6.17207650273224,4517.96,26.032622950819672,28.52,22.7,84.4343169398907
kediri,30496.57,57.08,174072.2,2024,Jawa Timur,6.17207650273224,4517.96,26.032622950819672,28.52,22.7,84.4343169398907
malang,41019.97,62.11,254793.72,2024,Jawa Timur,5.551666666666667,4063.82,25.303989071038252,28.34,21.93,82.44387978142076
lumajang,47553.88,54.07,257120.65,2024,Jawa Timur,4.584153005464481,1677.8,26.13841530054645,29.16,22.97,80.18617486338798
jember,120069.41,51.91,623264.88,2024,Jawa Timur,4.793852459016393,1754.55,25.04103825136612,28.79,20.74,81.60333333333334
banyuwangi,67240.56,58.84,395631.38,2024,Jawa Timur,7.041092896174863,2577.04,25.3353825136612,27.23,22.17,84.45584699453552
bondowoso,50609.62,51.27,259477.68,2024,Jawa Timur,4.793852459016393,1754.55,25.04103825136612,28.79,20.74,81.60333333333334
situbondo,29935.08,54.2,162236.82,2024,Jawa Timur,4.636502732240437,1696.96,28.920928961748633,31.33,26.95,75.39333333333333
probolinggo,33177.95,53.53,177607.38,2024,Jawa Timur,4.584153005464481,3355.6,26.13841530054645,29.16,22.97,80.18617486338798
pasuruan,51087.0,54.29,277354.51,2024,Jawa Timur,4.51636612021858,3305.98,28.586803278688524,31.21,26.54,75.49792349726776
sidoarjo,32100.11,65.1,208986.7,2024,Jawa Timur,5.280819672131147,1932.78,27.463060109289618,31.64,24.54,76.76789617486338
mojokerto,47296.06,60.41,285714.44,2024,Jawa Timur,5.280819672131147,3865.56,27.463060109289618,31.64,24.54,76.76789617486338
jombang,55369.46,61.82,342291.32,2024,Jawa Timur,5.280819672131147,1932.78,27.463060109289618,31.64,24.54,76.76789617486338
nganjuk,69685.57,58.11,404975.09,2024,Jawa Timur,5.9609562841530055,2181.71,26.781939890710383,30.76,23.53,81.07112021857924
madiun,73419.94,59.58,437458.25,2024,Jawa Timur,6.233060109289618,4562.6,26.623278688524593,30.4,23.14,81.8913387978142
magetan,43404.62,62.72,272246.05,2024,Jawa Timur,6.233060109289618,2281.3,26.623278688524593,30.4,23.14,81.8913387978142
ngawi,123075.68,62.21,765703.53,2024,Jawa Timur,6.233060109289618,2281.3,26.623278688524593,30.4,23.14,81.8913387978142
bojonegoro,131220.56,54.15,710527.18,2024,Jawa Timur,6.02051912568306,2203.5099999999998,28.060191256830603,31.2,26.09,79.15912568306011
tuban,84211.69,62.11,523067.49,2024,Jawa Timur,6.02051912568306,2203.5099999999998,28.060191256830603,31.2,26.09,79.15912568306011
lamongan,130670.42,59.41,776290.66,2024,Jawa Timur,5.36292349726776,1962.83,28.9327868852459,32.25,26.91,76.06956284153006
gresik,54057.45,60.85,328959.53,2024,Jawa Timur,5.36292349726776,1962.83,28.9327868852459,32.25,26.91,76.06956284153006
bangkalan,39554.55,47.82,189161.9,2024,Jawa Timur,5.36292349726776,1962.83,28.9327868852459,32.25,26.91,76.06956284153006
sampang,33068.93,44.13,145931.75,2024,Jawa Timur,4.577459016393442,1675.35,28.964890710382512,31.75,27.2,76.21101092896174
pamekasan,19637.62,51.69,101501.42,2024,Jawa Timur,4.549863387978142,1665.25,28.739043715846993,31.25,27.07,77.28527322404372
sumenep,36761.47,51.55,189499.69,2024,Jawa Timur,4.549863387978142,1665.25,28.739043715846993,31.25,27.07,77.28527322404372
kediri,1328.15,63.19,8392.91,2024,Jawa Timur,6.17207650273224,4517.96,26.032622950819672,28.52,22.7,84.4343169398907
blitar,574.04,64.84,3722.17,2024,Jawa Timur,6.17207650273224,4517.96,26.032622950819672,28.52,22.7,84.4343169398907
malang,1610.91,65.16,10496.65,2024,Jawa Timur,5.551666666666667,4063.82,25.303989071038252,28.34,21.93,82.44387978142076
probolinggo,1391.07,61.06,8494.14,2024,Jawa Timur,4.584153005464481,3355.6,26.13841530054645,29.16,22.97,80.18617486338798
pasuruan,1574.89,55.02,8665.29,2024,Jawa Timur,4.51636612021858,3305.98,28.586803278688524,31.21,26.54,75.49792349726776
mojokerto,571.1,60.4,3449.63,2024,Jawa Timur,5.280819672131147,3865.56,27.463060109289618,31.64,24.54,76.76789617486338
madiun,2190.08,57.58,12610.42,2024,Jawa Timur,6.233060109289618,4562.6,26.623278688524593,30.4,23.14,81.8913387978142
surabaya,1321.75,55.54,7340.42,2024,Jawa Timur,5.280819672131147,1932.78,27.463060109289618,31.64,24.54,76.76789617486338
batu,503.25,72.72,3659.41,2024,Jawa Timur,5.551666666666667,2031.91,25.303989071038252,28.34,21.93,82.44387978142076
pacitan,26774.0,49.49,132516.0,2025,Jawa Timur,7.47695890410959,2729.09,25.326383561643834,27.38,22.31,85.56572602739726
ponorogo,74200.0,58.8,436300.0,2025,Jawa Timur,7.47695890410959,2729.09,25.326383561643834,27.38,22.31,85.56572602739726
trenggalek,27943.0,56.55,158029.0,2025,Jawa Timur,7.45117808219178,2719.68,25.63282191780822,28.26,22.32,85.48260273972603
tulungagung,39342.0,61.15,240566.0,2025,Jawa Timur,7.45117808219178,2719.68,25.63282191780822,28.26,22.32,85.48260273972603
blitar,35796.0,64.65,231437.0,2025,Jawa Timur,7.45117808219178,5439.36,25.63282191780822,28.26,22.32,85.48260273972603
kediri,34198.0,57.99,198324.0,2025,Jawa Timur,7.45117808219178,5439.36,25.63282191780822,28.26,22.32,85.48260273972603
malang,38178.0,64.53,246370.0,2025,Jawa Timur,7.531068493150685,5497.68,24.698602739726027,27.91,21.24,84.78857534246575
lumajang,50052.0,55.92,279902.0,2025,Jawa Timur,6.803342465753424,2483.22,25.412794520547944,28.39,22.12,83.33167123287672
jember,135436.0,50.17,679514.0,2025,Jawa Timur,7.055041095890411,2575.09,24.150082191780825,27.33,21.03,85.53150684931506
banyuwangi,75650.0,59.97,453636.0,2025,Jawa Timur,9.169424657534247,3346.84,24.807013698630136,26.28,22.07,86.24567123287672
bondowoso,56112.0,49.69,278822.0,2025,Jawa Timur,7.055041095890411,2575.09,24.150082191780825,27.33,21.03,85.53150684931506
situbondo,37251.0,53.47,199165.0,2025,Jawa Timur,6.828082191780822,2492.25,28.256164383561643,30.64,26.48,77.4954794520548
probolinggo,36946.0,53.08,196116.0,2025,Jawa Timur,6.803342465753424,4966.44,25.412794520547944,28.39,22.12,83.33167123287672
pasuruan,50784.0,54.01,274285.0,2025,Jawa Timur,6.686191780821918,4880.92,27.864547945205477,30.8,25.54,78.09531506849315
sidoarjo,29004.0,60.57,175677.0,2025,Jawa Timur,7.149808219178082,2609.68,26.512684931506847,30.95,23.25,80.92690410958905
mojokerto,51751.0,60.37,312409.0,2025,Jawa Timur,7.149808219178082,5219.36,26.512684931506847,30.95,23.25,80.92690410958905
jombang,71349.0,61.9,441642.0,2025,Jawa Timur,7.149808219178082,2609.68,26.512684931506847,30.95,23.25,80.92690410958905
nganjuk,76989.0,56.53,435224.0,2025,Jawa Timur,7.228301369863013,2638.33,25.918739726027397,29.82,22.75,84.61131506849316
madiun,82826.0,57.98,480264.0,2025,Jawa Timur,7.252986301369863,5294.68,25.79301369863014,29.12,22.81,85.38249315068494
magetan,50411.0,61.14,308221.0,2025,Jawa Timur,7.252986301369863,2647.34,25.79301369863014,29.12,22.81,85.38249315068494
ngawi,129013.0,59.88,772571.0,2025,Jawa Timur,7.252986301369863,2647.34,25.79301369863014,29.12,22.81,85.38249315068494
bojonegoro,160748.0,54.72,879685.0,2025,Jawa Timur,7.158767123287671,2612.95,27.263315068493153,30.45,24.86,82.09361643835616
tuban,96992.0,59.59,577964.0,2025,Jawa Timur,7.158767123287671,2612.95,27.263315068493153,30.45,24.86,82.09361643835616
lamongan,152564.0,57.68,879994.0,2025,Jawa Timur,6.9608767123287665,2540.72,28.137369863013696,31.52,25.99,79.0212602739726
gresik,62003.0,60.58,375591.0,2025,Jawa Timur,6.9608767123287665,2540.72,28.137369863013696,31.52,25.99,79.0212602739726
bangkalan,46903.0,47.71,223789.0,2025,Jawa Timur,6.9608767123287665,2540.72,28.137369863013696,31.52,25.99,79.0212602739726
sampang,42337.0,44.86,189903.0,2025,Jawa Timur,6.7071506849315075,2448.11,28.205013698630136,30.95,26.54,78.88553424657535
pamekasan,24130.0,54.44,131369.0,2025,Jawa Timur,6.755835616438357,2465.88,28.066657534246573,30.44,26.6,79.49805479452056
sumenep,35770.0,52.96,189423.0,2025,Jawa Timur,6.755835616438357,2465.88,28.066657534246573,30.44,26.6,79.49805479452056
kediri,628.0,59.02,3709.0,2025,Jawa Timur,7.45117808219178,5439.36,25.63282191780822,28.26,22.32,85.48260273972603
blitar,837.0,72.5,6068.0,2025,Jawa Timur,7.45117808219178,5439.36,25.63282191780822,28.26,22.32,85.48260273972603
malang,1301.0,63.35,8243.0,2025,Jawa Timur,7.531068493150685,5497.68,24.698602739726027,27.91,21.24,84.78857534246575
probolinggo,1597.0,63.2,10092.0,2025,Jawa Timur,6.803342465753424,4966.44,25.412794520547944,28.39,22.12,83.33167123287672
pasuruan,1355.0,55.12,7468.0,2025,Jawa Timur,6.686191780821918,4880.92,27.864547945205477,30.8,25.54,78.09531506849315
mojokerto,524.0,58.93,3086.0,2025,Jawa Timur,7.149808219178082,5219.36,26.512684931506847,30.95,23.25,80.92690410958905
madiun,2084.0,57.06,11889.0,2025,Jawa Timur,7.252986301369863,5294.68,25.79301369863014,29.12,22.81,85.38249315068494
surabaya,1054.0,57.64,6075.0,2025,Jawa Timur,7.149808219178082,2609.68,26.512684931506847,30.95,23.25,80.92690410958905
batu,513.0,58.99,3025.0,2025,Jawa Timur,7.531068493150685,2748.84,24.698602739726027,27.91,21.24,84.78857534246575
sambas,67219.01,23.54,158239.67,2018,Kalimantan Barat,8.312657534246576,3034.12,26.15391780821918,27.58,24.44,90.05501369863015
bengkayang,11114.09,28.18,31322.01,2018,Kalimantan Barat,9.045123287671233,3301.4700000000003,25.98695890410959,27.37,23.97,90.23090410958903
landak,27969.93,37.96,106176.5,2018,Kalimantan Barat,9.310739726027398,3398.42,25.54353424657534,27.09,23.47,91.60528767123287
mempawah,21478.12,31.87,68460.67,2018,Kalimantan Barat,8.171013698630137,2982.42,27.77145205479452,29.0,26.14,81.67884931506849
sanggau,29112.73,25.63,74603.57,2018,Kalimantan Barat,9.428904109589041,3441.55,25.737753424657537,27.13,23.89,91.49673972602739
ketapang,31518.26,29.47,92895.48,2018,Kalimantan Barat,9.280657534246576,3387.44,27.166849315068493,28.33,25.24,84.79227397260274
sintang,11943.9,25.12,30006.2,2018,Kalimantan Barat,9.51723287671233,3473.79,25.79572602739726,27.35,23.96,91.21849315068494
kapuas hulu,13171.79,24.59,32388.01,2018,Kalimantan Barat,8.985397260273972,3279.67,24.093452054794522,25.53,22.46,91.95446575342466
sekadau,11200.89,29.44,32975.61,2018,Kalimantan Barat,9.51723287671233,3473.79,25.79572602739726,27.35,23.96,91.21849315068494
melawi,2400.98,24.02,5767.0,2018,Kalimantan Barat,8.653342465753424,3158.47,24.995424657534247,26.28,22.62,90.96000000000001
kayong utara,19463.21,26.5,51581.62,2018,Kalimantan Barat,9.308383561643835,3397.56,26.290849315068492,27.51,24.48,89.42695890410958
kubu raya,36275.07,28.59,103724.75,2018,Kalimantan Barat,9.368931506849314,3419.66,26.43068493150685,27.56,24.6,89.09657534246575
pontianak,286.32,32.33,925.7,2018,Kalimantan Barat,9.390794520547946,3427.64,26.222,27.58,24.31,89.89205479452055
singkawang,3321.73,32.06,10648.42,2018,Kalimantan Barat,7.666328767123288,2798.21,27.442082191780823,28.88,25.7,83.47884931506849
sambas,67602.53,24.95,168631.79,2019,Kalimantan Barat,7.780109589041096,2839.7400000000002,26.397260273972602,27.96,24.56,89.66232876712328
bengkayang,12094.26,29.97,36251.8,2019,Kalimantan Barat,8.660767123287672,3161.18,26.259397260273975,27.87,24.68,89.67106849315068
landak,28685.87,35.86,102856.61,2019,Kalimantan Barat,8.963835616438356,3271.8,25.770383561643836,27.43,24.06,91.13542465753424
mempawah,21641.25,31.45,68060.52,2019,Kalimantan Barat,8.76882191780822,3200.62,27.90364383561644,29.5,26.47,81.86569863013699
sanggau,30366.0,28.04,85131.76,2019,Kalimantan Barat,8.990958904109588,3281.7,25.921945205479453,27.35,24.23,91.30580821917809
ketapang,32917.92,33.07,108845.74,2019,Kalimantan Barat,9.370630136986302,3420.28,27.313342465753426,29.01,25.4,84.44416438356164
sintang,12506.05,28.61,35774.06,2019,Kalimantan Barat,9.031232876712329,3296.4,26.011095890410957,27.67,24.34,91.01739726027397
kapuas hulu,9418.56,26.08,24567.79,2019,Kalimantan Barat,7.767671232876712,2835.2,24.314054794520544,25.87,22.08,91.57312328767124
sekadau,12318.94,27.97,34451.49,2019,Kalimantan Barat,9.031232876712329,3296.4,26.011095890410957,27.67,24.34,91.01739726027397
melawi,4337.92,26.95,11691.74,2019,Kalimantan Barat,8.808328767123287,3215.04,25.201342465753424,26.7,23.2,90.62252054794521
kayong utara,15323.77,27.65,42374.83,2019,Kalimantan Barat,8.500821917808219,3102.8,26.470575342465754,28.1,24.27,89.18197260273972
kubu raya,39017.3,29.85,116454.98,2019,Kalimantan Barat,9.003972602739726,3286.45,26.618931506849314,28.1,25.03,88.86449315068494
pontianak,172.12,27.49,473.1,2019,Kalimantan Barat,9.181808219178082,3351.36,26.431561643835618,27.86,24.75,89.52410958904109
singkawang,3645.95,33.76,12308.92,2019,Kalimantan Barat,7.833945205479452,2859.39,27.63802739726027,29.13,26.24,83.42413698630138
sambas,57332.56,26.2,150222.44,2020,Kalimantan Barat,9.581885245901638,3506.97,26.32546448087432,27.91,24.64,90.52622950819672
bengkayang,11167.11,28.37,31685.2,2020,Kalimantan Barat,10.78622950819672,3947.7599999999998,26.210819672131148,28.04,24.16,90.53420765027322
landak,26552.88,37.33,99134.79,2020,Kalimantan Barat,11.42915300546448,4183.07,25.77827868852459,27.45,23.88,91.8771038251366
mempawah,20727.61,33.83,70116.03,2020,Kalimantan Barat,11.18204918032787,4092.63,27.921857923497267,29.26,26.83,82.34972677595628
sanggau,25341.09,26.03,65968.8,2020,Kalimantan Barat,11.66502732240437,4269.4,25.94035519125683,27.57,23.6,92.11409836065575
ketapang,30923.49,33.56,103764.57,2020,Kalimantan Barat,14.20584699453552,5199.34,27.41210382513661,28.96,25.78,85.4133606557377
sintang,8507.05,26.68,22694.82,2020,Kalimantan Barat,11.464153005464482,4195.88,25.994863387978143,27.68,23.93,91.81349726775956
kapuas hulu,8045.7,29.02,23345.99,2020,Kalimantan Barat,9.68931693989071,3546.29,24.39150273224044,25.9,22.77,92.20284153005464
sekadau,10106.76,29.77,30091.24,2020,Kalimantan Barat,11.464153005464482,4195.88,25.994863387978143,27.68,23.93,91.81349726775956
melawi,3524.32,27.88,9825.11,2020,Kalimantan Barat,11.646912568306012,4262.77,25.273852459016393,26.76,23.25,91.74688524590164
kayong utara,15523.7,31.71,49227.48,2020,Kalimantan Barat,13.059344262295083,4779.72,26.522650273224045,28.13,24.73,90.11879781420765
kubu raya,35068.87,30.68,107589.45,2020,Kalimantan Barat,12.556775956284152,4595.78,26.65327868852459,28.22,24.87,89.66636612021858
pontianak,192.49,37.05,713.18,2020,Kalimantan Barat,12.103825136612022,4430.0,26.45937158469945,28.08,24.66,90.25866120218579
singkawang,3561.8,38.72,13791.26,2020,Kalimantan Barat,9.661666666666667,3536.17,27.58065573770492,29.13,25.99,83.92027322404371
sambas,56815.88,27.16,154301.07,2021,Kalimantan Barat,9.85890410958904,3598.5,26.18082191780822,27.75,24.39,89.9553698630137
bengkayang,9136.44,29.99,27399.63,2021,Kalimantan Barat,10.863917808219178,3965.33,26.04586301369863,27.86,23.96,90.00506849315069
landak,26330.58,41.02,108007.15,2021,Kalimantan Barat,11.200027397260273,4088.0099999999998,25.61139726027397,27.53,23.68,91.31556164383562
mempawah,14978.93,34.06,51025.45,2021,Kalimantan Barat,10.291260273972602,3756.31,27.84421917808219,29.64,26.2,81.44898630136987
sanggau,18819.66,23.65,44514.16,2021,Kalimantan Barat,11.266082191780821,4112.12,25.759999999999998,27.64,23.49,91.60731506849315
ketapang,27198.64,38.77,105450.58,2021,Kalimantan Barat,12.749671232876713,4653.63,27.304,28.7,25.73,84.47128767123287
sintang,8852.7,26.9,23810.44,2021,Kalimantan Barat,11.224465753424658,4096.93,25.814821917808217,27.63,23.63,91.4208493150685
kapuas hulu,5027.36,30.07,15119.42,2021,Kalimantan Barat,9.464191780821917,3454.43,24.146054794520545,25.61,22.03,92.01142465753423
sekadau,8257.29,31.59,26084.14,2021,Kalimantan Barat,11.224465753424658,4096.93,25.814821917808217,27.63,23.63,91.4208493150685
melawi,3088.49,30.72,9486.57,2021,Kalimantan Barat,11.34378082191781,4140.4800000000005,25.084602739726026,26.54,22.98,91.41849315068494
kayong utara,12549.85,37.17,46650.03,2021,Kalimantan Barat,11.53786301369863,4211.32,26.425287671232876,28.1,24.0,89.13227397260273
kubu raya,28227.95,30.22,85295.01,2021,Kalimantan Barat,11.445534246575342,4177.62,26.54495890410959,28.25,24.63,88.75953424657534
pontianak,142.11,36.94,524.98,2021,Kalimantan Barat,11.4126301369863,4165.61,26.313123287671235,28.04,24.42,89.56980821917809
singkawang,3739.86,38.05,14229.38,2021,Kalimantan Barat,9.347041095890411,3411.67,27.488273972602737,29.27,25.66,83.19627397260274
sambas,63168.71,27.95,176541.14,2022,Kalimantan Barat,8.732794520547944,3187.47,26.22172602739726,27.72,24.58,89.97465753424657
bengkayang,10436.62,30.99,32340.73,2022,Kalimantan Barat,9.077890410958904,3313.43,26.083835616438357,27.7,24.4,89.82093150684932
landak,29829.89,31.33,93452.27,2022,Kalimantan Barat,8.948191780821919,3266.09,25.602986301369864,27.19,23.54,91.4475890410959
mempawah,15125.74,33.18,50190.35,2022,Kalimantan Barat,8.288082191780822,3025.15,27.921369863013698,29.42,26.0,80.9548493150685
sanggau,26153.43,24.52,64116.98,2022,Kalimantan Barat,10.19041095890411,3719.5,25.774109589041093,27.32,23.72,91.64580821917808
ketapang,27283.4,38.72,105650.43,2022,Kalimantan Barat,11.184054794520547,4082.18,27.320520547945204,28.72,25.95,84.29287671232878
sintang,11240.76,27.85,31303.8,2022,Kalimantan Barat,11.60082191780822,4234.3,25.86186301369863,27.43,23.91,91.31312328767123
kapuas hulu,5542.94,27.38,15174.03,2022,Kalimantan Barat,10.59717808219178,3867.97,24.208986301369865,25.58,22.45,91.70739726027396
sekadau,9889.04,29.6,29270.04,2022,Kalimantan Barat,11.60082191780822,4234.3,25.86186301369863,27.43,23.91,91.31312328767123
melawi,2953.29,26.93,7952.03,2022,Kalimantan Barat,11.895342465753425,4341.8,25.15227397260274,26.58,23.5,91.06208219178083
kayong utara,12126.42,34.87,42280.23,2022,Kalimantan Barat,9.912958904109589,3618.23,26.432767123287668,28.17,24.39,89.07353424657535
kubu raya,24369.83,28.86,70329.98,2022,Kalimantan Barat,8.841972602739727,3227.32,26.57208219178082,28.38,24.7,88.62545205479452
pontianak,130.38,35.09,457.53,2022,Kalimantan Barat,8.473150684931506,3092.7,26.321013698630136,28.03,24.41,89.60479452054794
singkawang,3228.15,37.69,12166.26,2022,Kalimantan Barat,7.781972602739726,2840.42,27.599780821917808,29.03,25.78,82.65257534246575
sambas,58030.79,30.57,177411.07,2023,Kalimantan Barat,9.189287671232877,3354.09,26.625753424657532,28.25,24.41,90.30550684931508
bengkayang,10171.21,34.21,34799.49,2023,Kalimantan Barat,9.738164383561644,3554.43,26.465232876712328,28.24,24.19,90.22328767123288
landak,30410.15,32.96,100241.01,2023,Kalimantan Barat,9.399205479452055,3430.71,25.98950684931507,27.55,24.14,91.65205479452055
mempawah,15334.95,31.86,48851.99,2023,Kalimantan Barat,8.183397260273972,2986.94,28.112520547945206,29.41,26.05,82.20558904109589
sanggau,25139.24,25.67,64523.83,2023,Kalimantan Barat,9.357506849315067,3415.49,26.158273972602743,27.79,24.28,91.62761643835617
ketapang,23501.08,37.5,88138.69,2023,Kalimantan Barat,8.502082191780822,3103.26,27.533561643835615,28.93,25.97,84.71471232876712
sintang,9100.6,26.91,24485.61,2023,Kalimantan Barat,9.662849315068494,3526.94,26.23372602739726,27.69,24.23,91.19613698630135
kapuas hulu,6117.85,29.08,17793.3,2023,Kalimantan Barat,8.502630136986301,3103.46,24.538739726027394,25.85,22.67,91.65805479452055
sekadau,9522.54,28.9,27516.36,2023,Kalimantan Barat,9.662849315068494,3526.94,26.23372602739726,27.69,24.23,91.19613698630135
melawi,3071.59,29.94,9196.41,2023,Kalimantan Barat,9.582794520547944,3497.72,25.422821917808218,27.07,22.75,90.85928767123288
kayong utara,10647.66,35.82,38143.8,2023,Kalimantan Barat,8.783671232876712,3206.04,26.733506849315066,28.4,24.59,89.30410958904109
kubu raya,19427.79,28.94,56228.08,2023,Kalimantan Barat,8.728712328767124,3185.98,26.876684931506848,28.65,24.69,89.09893150684931
pontianak,116.63,35.17,410.13,2023,Kalimantan Barat,8.91827397260274,3255.17,26.664547945205477,28.66,24.53,89.97252054794521
singkawang,3476.44,36.1,12551.03,2023,Kalimantan Barat,8.127479452054795,2966.53,27.858493150684932,29.08,25.84,83.75789041095891
sambas,64122.36,30.45,195232.6,2024,Kalimantan Barat,9.378825136612022,3432.65,26.896530054644806,28.37,25.42,90.6715300546448
bengkayang,12031.85,30.57,36780.53,2024,Kalimantan Barat,10.414508196721311,3811.71,26.77021857923497,28.51,24.99,90.5842349726776
landak,31205.62,31.09,97032.69,2024,Kalimantan Barat,10.514754098360656,3848.4,26.26833333333333,27.88,24.37,92.14770491803279
mempawah,17913.41,35.2,63063.54,2024,Kalimantan Barat,8.779016393442623,3213.12,28.44497267759563,29.72,26.79,82.31666666666668
sanggau,25062.52,25.64,64252.13,2024,Kalimantan Barat,11.047868852459017,4043.52,26.46016393442623,27.83,24.75,92.19125683060109
ketapang,29236.61,36.56,106899.75,2024,Kalimantan Barat,11.015601092896175,4031.71,27.872868852459014,29.18,26.0,85.42404371584699
sintang,10727.75,28.29,30346.07,2024,Kalimantan Barat,11.349617486338797,4153.96,26.541612021857922,28.11,24.79,91.84620218579235
kapuas hulu,5321.26,27.94,14866.34,2024,Kalimantan Barat,10.690054644808743,3912.56,24.90882513661202,26.32,23.11,92.16243169398906
sekadau,11437.76,31.8,36372.21,2024,Kalimantan Barat,11.349617486338797,4153.96,26.541612021857922,28.11,24.79,91.84620218579235
melawi,2911.24,27.11,7891.77,2024,Kalimantan Barat,10.8025956284153,3953.75,25.803934426229507,27.26,24.03,91.48718579234972
kayong utara,10895.44,34.25,37319.59,2024,Kalimantan Barat,10.051475409836065,3678.84,27.05467213114754,28.58,25.33,89.98322404371585
kubu raya,22666.65,27.11,61456.23,2024,Kalimantan Barat,10.0,3660.0,27.19224043715847,28.5,25.26,89.65882513661201
pontianak,122.56,27.86,341.46,2024,Kalimantan Barat,10.151639344262295,3715.5,26.98554644808743,28.42,24.91,90.37379781420765
singkawang,3552.68,36.39,12929.24,2024,Kalimantan Barat,8.193469945355192,2998.81,28.180874316939892,29.74,26.66,83.7103825136612
sambas,68422.0,30.03,205501.0,2025,Kalimantan Barat,11.345424657534247,4141.08,26.43002739726027,28.34,24.23,90.57997260273973
bengkayang,16274.0,28.32,46087.0,2025,Kalimantan Barat,11.482821917808218,4191.23,26.29460273972603,28.22,24.08,90.2970410958904
landak,43741.0,27.89,121995.0,2025,Kalimantan Barat,10.405260273972603,3797.92,25.826931506849316,27.42,23.39,91.53427397260275
mempawah,12548.0,33.77,42370.0,2025,Kalimantan Barat,8.77586301369863,3203.19,28.035506849315066,29.56,26.51,82.12821917808219
sanggau,35930.0,22.76,81786.0,2025,Kalimantan Barat,9.744602739726028,3556.78,25.969424657534248,27.77,23.79,91.64578082191781
ketapang,22718.0,36.53,82996.0,2025,Kalimantan Barat,9.950712328767123,3632.0099999999998,27.454602739726027,28.86,25.78,84.75890410958904
sintang,10235.0,22.12,22642.0,2025,Kalimantan Barat,9.829589041095891,3587.8,26.017835616438358,27.75,23.59,91.61857534246575
kapuas hulu,5373.0,22.25,11955.0,2025,Kalimantan Barat,9.752027397260273,3559.49,24.38564383561644,25.83,22.47,91.65660273972604
sekadau,12074.0,27.04,32646.0,2025,Kalimantan Barat,9.829589041095891,3587.8,26.017835616438358,27.75,23.59,91.61857534246575
melawi,4560.0,21.75,9917.0,2025,Kalimantan Barat,9.66717808219178,3528.52,25.243671232876714,26.81,22.87,91.38227397260273
kayong utara,8187.0,34.33,28108.0,2025,Kalimantan Barat,9.245452054794521,3374.59,26.60260273972603,28.16,24.24,89.20476712328768
kubu raya,19296.0,30.11,58102.0,2025,Kalimantan Barat,9.134054794520548,3333.93,26.758301369863016,28.56,24.48,88.96345205479452
pontianak,171.0,33.01,566.0,2025,Kalimantan Barat,9.442356164383561,3446.46,26.53586301369863,28.52,24.25,89.93690410958905
singkawang,4023.0,32.71,13158.0,2025,Kalimantan Barat,9.89745205479452,3612.57,27.72531506849315,29.54,25.72,83.97591780821918
tanah laut,26663.84,34.45,91856.74,2018,Kalimantan Selatan,7.982246575342466,2913.52,26.522575342465753,28.96,23.9,84.42142465753425
kotabaru,9629.56,41.75,40204.92,2018,Kalimantan Selatan,7.396493150684931,2699.72,27.42060273972603,29.12,25.61,81.84230136986301
banjar,57442.23,33.56,192786.24,2018,Jawa Barat,5.960328767123287,2175.52,25.045068493150687,26.93,21.36,86.02364383561644
banjar,57442.23,33.56,192786.24,2018,Kalimantan Selatan,7.982246575342466,2913.52,26.522575342465753,28.96,23.9,84.42142465753425
barito kuala,78874.26,36.6,288711.72,2018,Kalimantan Selatan,8.346109589041095,3046.33,26.62049315068493,29.34,24.48,86.52249315068492
tapin,36681.94,41.8,153342.35,2018,Kalimantan Selatan,7.982246575342466,2913.52,26.522575342465753,28.96,23.9,84.42142465753425
hulu sungai selatan,26984.78,50.91,137370.36,2018,Kalimantan Selatan,8.026191780821918,2929.56,26.403890410958905,28.06,24.07,88.34597260273972
hulu sungai tengah,27803.16,52.26,145296.04,2018,Kalimantan Selatan,7.71627397260274,2816.44,24.827369863013697,26.58,22.48,89.84972602739727
hulu sungai utara,19786.74,50.77,100464.57,2018,Kalimantan Selatan,7.71627397260274,2816.44,24.827369863013697,26.58,22.48,89.84972602739727
tabalong,14960.94,45.94,68724.35,2018,Kalimantan Selatan,7.71627397260274,2816.44,24.827369863013697,26.58,22.48,89.84972602739727
tanah bumbu,14948.97,50.06,74833.26,2018,Kalimantan Selatan,7.493643835616438,2735.18,26.09586301369863,28.95,23.75,85.99468493150685
balangan,5454.04,35.3,19255.36,2018,Kalimantan Selatan,7.71627397260274,2816.44,24.827369863013697,26.58,22.48,89.84972602739727
banjarmasin,2522.84,37.73,9518.26,2018,Kalimantan Selatan,8.40490410958904,3067.79,27.71827397260274,29.94,25.83,80.37079452054795
banjarbaru,1337.91,38.33,5128.24,2018,Kalimantan Selatan,7.982246575342466,2913.52,26.522575342465753,28.96,23.9,84.42142465753425
tanah laut,28453.79,41.38,117728.21,2019,Kalimantan Selatan,6.032273972602741,2201.78,26.951123287671233,30.22,24.01,81.69613698630137
kotabaru,6340.93,31.81,20172.26,2019,Kalimantan Selatan,5.234657534246575,1910.65,27.624767123287672,29.98,26.06,80.55106849315068
banjar,77013.61,31.84,245195.57,2019,Jawa Barat,5.529123287671233,2018.13,25.189123287671233,28.12,21.35,85.41961643835616
banjar,77013.61,31.84,245195.57,2019,Kalimantan Selatan,6.032273972602741,2201.78,26.951123287671233,30.22,24.01,81.69613698630137
barito kuala,88342.77,32.21,284558.93,2019,Kalimantan Selatan,6.088109589041095,2222.16,27.0686301369863,30.25,24.57,83.74586301369864
tapin,40374.98,40.04,161647.51,2019,Kalimantan Selatan,6.032273972602741,2201.78,26.951123287671233,30.22,24.01,81.69613698630137
hulu sungai selatan,30964.51,40.37,124999.04,2019,Kalimantan Selatan,6.309726027397261,2303.05,26.65805479452055,28.81,24.37,87.22660273972602
hulu sungai tengah,29240.03,46.05,134652.55,2019,Kalimantan Selatan,6.186301369863013,2258.0,25.100246575342467,27.07,22.86,88.66769863013698
hulu sungai utara,18285.41,52.66,96295.76,2019,Kalimantan Selatan,6.186301369863013,2258.0,25.100246575342467,27.07,22.86,88.66769863013698
tabalong,13936.89,40.62,56610.73,2019,Kalimantan Selatan,6.186301369863013,2258.0,25.100246575342467,27.07,22.86,88.66769863013698
tanah bumbu,11991.54,46.03,55192.69,2019,Kalimantan Selatan,5.54641095890411,2024.44,26.62684931506849,29.5,23.99,82.43794520547945
balangan,5061.63,39.36,19923.66,2019,Kalimantan Selatan,6.186301369863013,2258.0,25.100246575342467,27.07,22.86,88.66769863013698
banjarmasin,4572.46,43.25,19773.56,2019,Kalimantan Selatan,6.986712328767124,2550.15,28.008219178082193,30.27,26.11,78.62019178082191
banjarbaru,1667.4,36.65,6111.35,2019,Kalimantan Selatan,6.032273972602741,2201.78,26.951123287671233,30.22,24.01,81.69613698630137
tanah laut,24728.88,39.23,97018.84,2020,Kalimantan Selatan,11.075956284153007,4053.8,26.774699453551914,30.41,24.8,85.6996174863388
kotabaru,7152.37,32.38,23162.39,2020,Kalimantan Selatan,9.495273224043716,3475.27,27.57551912568306,28.95,25.91,83.26284153005464
banjar,50734.72,37.6,190762.02,2020,Jawa Barat,11.586775956284153,4240.76,25.639972677595626,28.15,22.12,88.09434426229508
banjar,50734.72,37.6,190762.02,2020,Kalimantan Selatan,11.075956284153007,4053.8,26.774699453551914,30.41,24.8,85.6996174863388
barito kuala,66448.45,35.7,237193.34,2020,Kalimantan Selatan,11.556967213114755,4229.85,26.873606557377048,28.78,24.95,87.67122950819672
tapin,31097.66,39.51,122859.81,2020,Kalimantan Selatan,11.075956284153007,4053.8,26.774699453551914,30.41,24.8,85.6996174863388
hulu sungai selatan,25862.43,43.78,113217.0,2020,Kalimantan Selatan,10.580491803278688,3872.46,26.70210382513661,28.72,24.37,89.07368852459017
hulu sungai tengah,29921.83,43.98,131585.88,2020,Kalimantan Selatan,10.382513661202186,3800.0,25.077021857923498,27.05,22.86,90.77510928961749
hulu sungai utara,17291.53,54.46,94175.17,2020,Kalimantan Selatan,10.382513661202186,3800.0,25.077021857923498,27.05,22.86,90.77510928961749
tabalong,15909.05,37.13,59067.28,2020,Kalimantan Selatan,10.382513661202186,3800.0,25.077021857923498,27.05,22.86,90.77510928961749
tanah bumbu,12683.14,41.44,52553.08,2020,Kalimantan Selatan,10.168224043715847,3721.57,26.266366120218578,28.19,24.44,87.7348087431694
balangan,4606.5,35.0,16123.59,2020,Kalimantan Selatan,10.382513661202186,3800.0,25.077021857923498,27.05,22.86,90.77510928961749
banjarmasin,2376.67,39.96,9496.4,2020,Kalimantan Selatan,12.178333333333335,4457.27,27.84445355191257,29.59,26.22,81.97680327868852
banjarbaru,1023.12,30.22,3091.86,2020,Kalimantan Selatan,11.075956284153007,4053.8,26.774699453551914,30.41,24.8,85.6996174863388
tanah laut,21015.29,37.91,79662.36,2021,Kalimantan Selatan,8.985753424657535,3279.8,26.419095890410958,28.47,24.62,86.25369863013698
kotabaru,5917.87,37.31,22079.5,2021,Kalimantan Selatan,7.82931506849315,2857.7,27.342520547945206,28.62,25.85,83.01619178082191
banjar,43997.44,38.45,169163.19,2021,Jawa Barat,7.923589041095891,2892.11,25.443671232876714,27.0,23.5,88.06975342465753
banjar,43997.44,38.45,169163.19,2021,Kalimantan Selatan,8.985753424657535,3279.8,26.419095890410958,28.47,24.62,86.25369863013698
barito kuala,62781.92,35.26,221359.83,2021,Kalimantan Selatan,9.197150684931508,3356.96,26.55668493150685,28.18,24.58,88.24679452054795
tapin,28807.5,39.94,115061.9,2021,Kalimantan Selatan,8.985753424657535,3279.8,26.419095890410958,28.47,24.62,86.25369863013698
hulu sungai selatan,22456.89,43.21,97036.85,2021,Kalimantan Selatan,9.019534246575343,3292.13,26.369780821917807,27.88,24.26,89.50594520547945
hulu sungai tengah,24187.14,49.92,120730.76,2021,Kalimantan Selatan,8.751479452054795,3194.29,24.78041095890411,26.48,22.85,91.08835616438355
hulu sungai utara,16084.07,45.88,73786.78,2021,Kalimantan Selatan,8.751479452054795,3194.29,24.78041095890411,26.48,22.85,91.08835616438355
tabalong,11725.09,44.42,52086.96,2021,Kalimantan Selatan,8.751479452054795,3194.29,24.78041095890411,26.48,22.85,91.08835616438355
tanah bumbu,9624.49,38.0,36572.77,2021,Kalimantan Selatan,8.157890410958904,2977.63,25.947835616438354,27.68,24.31,88.13742465753424
balangan,4337.98,38.16,16553.34,2021,Kalimantan Selatan,8.751479452054795,3194.29,24.78041095890411,26.48,22.85,91.08835616438355
banjarmasin,2279.0,38.97,8881.97,2021,Kalimantan Selatan,10.391616438356165,3792.94,27.574986301369865,29.0,26.14,82.30364383561644
banjarbaru,1048.91,31.82,3337.34,2021,Kalimantan Selatan,8.985753424657535,3279.8,26.419095890410958,28.47,24.62,86.25369863013698
tanah laut,19972.63,36.79,73487.24,2022,Kalimantan Selatan,9.344054794520547,3410.58,26.612931506849314,28.61,25.01,85.31150684931507
kotabaru,4334.48,40.63,17609.79,2022,Kalimantan Selatan,7.191178082191781,2624.78,27.4,28.64,25.78,82.70731506849314
banjar,37163.25,34.73,129050.5,2022,Jawa Barat,9.67572602739726,3531.64,25.349397260273975,27.76,22.79,89.10827397260275
banjar,37163.25,34.73,129050.5,2022,Kalimantan Selatan,9.344054794520547,3410.58,26.612931506849314,28.61,25.01,85.31150684931507
barito kuala,57402.57,32.55,186867.79,2022,Kalimantan Selatan,9.73405479452055,3552.9300000000003,26.63972602739726,28.17,24.96,87.82076712328768
tapin,25656.31,39.46,101228.04,2022,Kalimantan Selatan,9.344054794520547,3410.58,26.612931506849314,28.61,25.01,85.31150684931507
hulu sungai selatan,12657.55,46.19,58463.58,2022,Kalimantan Selatan,9.316986301369862,3400.7,26.424630136986302,27.95,24.29,89.16701369863013
hulu sungai tengah,23213.63,47.28,109758.31,2022,Kalimantan Selatan,8.550027397260274,3120.76,24.852684931506847,26.39,23.27,90.64230136986302
hulu sungai utara,5549.0,46.18,25622.89,2022,Kalimantan Selatan,8.550027397260274,3120.76,24.852684931506847,26.39,23.27,90.64230136986302
tabalong,12347.55,44.01,54341.6,2022,Kalimantan Selatan,8.550027397260274,3120.76,24.852684931506847,26.39,23.27,90.64230136986302
tanah bumbu,9848.92,40.03,39429.0,2022,Kalimantan Selatan,8.146849315068494,2973.6,26.057972602739724,27.8,24.51,87.56323287671233
balangan,4313.59,36.05,15548.9,2022,Kalimantan Selatan,8.550027397260274,3120.76,24.852684931506847,26.39,23.27,90.64230136986302
banjarmasin,1504.48,32.79,4932.7,2022,Kalimantan Selatan,10.920164383561644,3985.86,27.67358904109589,29.15,25.95,81.64463013698631
banjarbaru,944.95,32.58,3078.86,2022,Kalimantan Selatan,9.344054794520547,3410.58,26.612931506849314,28.61,25.01,85.31150684931507
tanah laut,15062.41,35.08,52839.26,2023,Kalimantan Selatan,5.923397260273973,2162.04,27.15232876712329,30.47,25.02,82.41799999999999
kotabaru,4126.22,40.62,16758.68,2023,Kalimantan Selatan,5.3882739726027395,1966.72,27.889945205479453,29.93,25.71,80.4529589041096
banjar,31108.85,36.73,114278.22,2023,Jawa Barat,4.8987123287671235,1788.03,25.19778082191781,27.38,22.13,87.12671232876713
banjar,31108.85,36.73,114278.22,2023,Kalimantan Selatan,5.923397260273973,2162.04,27.15232876712329,30.47,25.02,82.41799999999999
barito kuala,54335.98,34.65,188249.94,2023,Kalimantan Selatan,6.113260273972603,2231.34,27.267753424657535,30.86,25.24,84.58060273972602
tapin,25161.64,42.83,107771.39,2023,Kalimantan Selatan,5.923397260273973,2162.04,27.15232876712329,30.47,25.02,82.41799999999999
hulu sungai selatan,18224.8,47.09,85828.32,2023,Kalimantan Selatan,6.16345205479452,2249.66,26.89876712328767,29.15,25.07,87.54621917808218
hulu sungai tengah,23153.01,46.86,108484.63,2023,Kalimantan Selatan,5.803315068493151,2118.21,25.32654794520548,27.27,23.58,89.03449315068494
hulu sungai utara,14468.01,55.97,80975.24,2023,Kalimantan Selatan,5.803315068493151,2118.21,25.32654794520548,27.27,23.58,89.03449315068494
tabalong,12788.99,46.28,59184.43,2023,Kalimantan Selatan,5.803315068493151,2118.21,25.32654794520548,27.27,23.58,89.03449315068494
tanah bumbu,9659.49,40.45,39071.33,2023,Kalimantan Selatan,5.271068493150685,1923.94,26.818410958904106,29.94,24.66,83.05479452054794
balangan,4502.8,35.68,16067.58,2023,Kalimantan Selatan,5.803315068493151,2118.21,25.32654794520548,27.27,23.58,89.03449315068494
banjarmasin,1140.29,41.1,4687.07,2023,Kalimantan Selatan,7.447123287671232,2718.2,28.157178082191784,30.36,26.22,79.68857534246575
banjarbaru,551.33,24.48,1349.64,2023,Kalimantan Selatan,5.923397260273973,2162.04,27.15232876712329,30.47,25.02,82.41799999999999
tanah laut,25091.89,42.73,107210.87,2024,Kalimantan Selatan,7.5401639344262295,2759.7,27.297431693989072,29.43,25.04,85.0514480874317
kotabaru,4077.14,39.89,16264.8,2024,Kalimantan Selatan,6.746994535519126,2469.4,28.000601092896172,29.35,26.08,83.01732240437158
banjar,40628.14,37.79,153537.87,2024,Jawa Barat,7.130792349726776,2609.87,25.846284153005463,27.88,22.17,87.60989071038252
banjar,40628.14,37.79,153537.87,2024,Kalimantan Selatan,7.5401639344262295,2759.7,27.297431693989072,29.43,25.04,85.0514480874317
barito kuala,58873.0,37.36,219962.68,2024,Kalimantan Selatan,7.598032786885247,2780.88,27.355737704918035,29.1,25.52,87.32781420765028
tapin,27639.43,41.46,114594.15,2024,Kalimantan Selatan,7.5401639344262295,2759.7,27.297431693989072,29.43,25.04,85.0514480874317
hulu sungai selatan,19905.34,47.11,93771.77,2024,Kalimantan Selatan,7.884562841530054,2885.75,27.19270491803279,28.67,25.26,88.74139344262295
hulu sungai tengah,24709.56,47.53,117444.61,2024,Kalimantan Selatan,7.721038251366121,2825.9,25.590819672131147,27.37,23.55,90.25767759562841
hulu sungai utara,15162.99,52.29,79292.4,2024,Kalimantan Selatan,7.721038251366121,2825.9,25.590819672131147,27.37,23.55,90.25767759562841
tabalong,12856.14,47.29,60795.25,2024,Kalimantan Selatan,7.721038251366121,2825.9,25.590819672131147,27.37,23.55,90.25767759562841
tanah bumbu,9688.67,40.26,39007.13,2024,Kalimantan Selatan,6.966174863387978,2549.62,26.76696721311475,28.67,24.58,87.0263387978142
balangan,4727.98,36.24,17132.49,2024,Kalimantan Selatan,7.721038251366121,2825.9,25.590819672131147,27.37,23.55,90.25767759562841
banjarmasin,1732.53,42.57,7376.23,2024,Kalimantan Selatan,8.676939890710383,3175.7599999999998,28.347021857923497,29.82,26.87,81.49680327868853
banjarbaru,1019.61,31.17,3177.68,2024,Kalimantan Selatan,7.5401639344262295,2759.7,27.297431693989072,29.43,25.04,85.0514480874317
tanah laut,27665.0,40.92,113212.0,2025,Kalimantan Selatan,8.689123287671233,3171.53,26.592767123287672,28.88,24.01,86.1694794520548
kotabaru,5609.0,40.06,22470.0,2025,Kalimantan Selatan,7.9954246575342465,2918.33,27.550712328767123,29.01,26.25,83.0373698630137
banjar,43461.0,38.2,166001.0,2025,Jawa Barat,9.634602739726027,3516.63,25.60482191780822,27.37,22.95,89.05569863013699
banjar,43461.0,38.2,166001.0,2025,Kalimantan Selatan,8.689123287671233,3171.53,26.592767123287672,28.88,24.01,86.1694794520548
barito kuala,91057.0,35.49,323183.0,2025,Kalimantan Selatan,8.796246575342465,3210.63,26.68172602739726,28.2,24.73,88.34043835616438
tapin,25764.0,42.43,109314.0,2025,Kalimantan Selatan,8.689123287671233,3171.53,26.592767123287672,28.88,24.01,86.1694794520548
hulu sungai selatan,19619.0,47.26,92711.0,2025,Kalimantan Selatan,8.656027397260273,3159.45,26.570082191780823,28.4,24.47,89.1568493150685
hulu sungai tengah,23357.0,44.51,103960.0,2025,Kalimantan Selatan,8.435972602739726,3079.13,25.00715068493151,27.18,22.66,90.70920547945205
hulu sungai utara,15241.0,55.68,84857.0,2025,Kalimantan Selatan,8.435972602739726,3079.13,25.00715068493151,27.18,22.66,90.70920547945205
tabalong,10633.0,47.68,50703.0,2025,Kalimantan Selatan,8.435972602739726,3079.13,25.00715068493151,27.18,22.66,90.70920547945205
tanah bumbu,13823.0,42.5,58749.0,2025,Kalimantan Selatan,8.008438356164383,2923.08,26.176219178082192,27.88,24.08,87.92857534246575
balangan,11011.0,38.35,42221.0,2025,Kalimantan Selatan,8.435972602739726,3079.13,25.00715068493151,27.18,22.66,90.70920547945205
banjarmasin,1950.0,43.87,8554.0,2025,Kalimantan Selatan,10.083479452054794,3680.47,27.70449315068493,29.18,26.11,82.51391780821918
banjarbaru,1143.0,29.78,3405.0,2025,Kalimantan Selatan,8.689123287671233,3171.53,26.592767123287672,28.88,24.01,86.1694794520548
kotawaringin barat,118.64,31.04,368.22,2018,Kalimantan Tengah,6.947671232876712,2535.9,26.815917808219176,28.95,24.06,84.88994520547946
kotawaringin timur,17648.63,33.05,58328.72,2018,Kalimantan Tengah,7.6177534246575345,2780.48,27.13868493150685,29.67,24.83,83.75876712328767
kapuas,79340.64,38.46,305183.68,2018,Kalimantan Tengah,7.9566849315068495,2904.19,26.142821917808217,28.09,23.98,89.32054794520548
barito selatan,1944.62,31.78,6179.34,2018,Kalimantan Tengah,7.872246575342466,2873.37,26.04942465753425,27.75,23.97,89.76890410958904
barito utara,1839.39,28.65,5270.02,2018,Kalimantan Tengah,7.86,2868.9,25.68758904109589,27.22,23.91,91.11731506849316
sukamara,649.33,24.05,1561.52,2018,Kalimantan Tengah,7.011150684931506,2559.0699999999997,26.355753424657536,28.46,23.65,87.9298904109589
lamandau,3205.9,31.2,10003.59,2018,Kalimantan Tengah,7.011150684931506,2559.0699999999997,26.355753424657536,28.46,23.65,87.9298904109589
seruyan,4157.16,21.39,8891.95,2018,Kalimantan Tengah,6.947671232876712,2535.9,26.815917808219176,28.95,24.06,84.88994520547946
katingan,12493.56,30.08,37574.66,2018,Kalimantan Tengah,7.863178082191781,2870.06,26.298767123287668,28.75,23.1,86.03520547945205
pulang pisau,19145.61,32.53,62279.04,2018,Kalimantan Tengah,8.346109589041095,3046.33,26.62049315068493,29.34,24.48,86.52249315068492
gunung mas,966.07,22.42,2165.74,2018,Kalimantan Tengah,8.004301369863015,2921.57,25.92843835616438,27.52,24.35,89.86947945205479
barito timur,4226.15,33.27,14061.89,2018,Kalimantan Tengah,7.944164383561644,2899.62,25.14235616438356,26.97,23.05,90.86265753424658
murung raya,1832.97,15.78,2891.94,2018,Kalimantan Tengah,7.821835616438356,2854.97,25.352027397260272,26.79,23.58,91.94660273972603
palangka raya,3.02,28.94,8.74,2018,Kalimantan Tengah,7.621260273972603,2781.76,26.151698630136988,27.89,24.26,89.05413698630136
kotawaringin barat,216.1,29.65,640.75,2019,Kalimantan Tengah,7.6806027397260275,2803.42,26.98802739726027,29.23,23.53,84.47197260273973
kotawaringin timur,20464.61,28.69,58716.81,2019,Kalimantan Tengah,6.809287671232877,2485.39,27.383616438356167,29.61,24.1,82.636
kapuas,61979.64,32.82,203408.15,2019,Kalimantan Tengah,6.740520547945206,2460.29,26.55169863013699,29.67,23.96,86.87761643835617
barito selatan,2795.12,28.64,8004.07,2019,Kalimantan Tengah,6.811753424657534,2486.29,26.321698630136986,28.62,23.95,88.40599999999999
barito utara,3507.77,26.28,9218.55,2019,Kalimantan Tengah,7.5248767123287665,2746.58,25.93545205479452,27.51,23.54,90.35191780821917
sukamara,1126.45,28.87,3251.86,2019,Kalimantan Tengah,7.774821917808219,2837.81,26.526383561643833,28.7,23.72,87.4978904109589
lamandau,5141.42,35.56,18285.2,2019,Kalimantan Tengah,7.774821917808219,2837.81,26.526383561643833,28.7,23.72,87.4978904109589
seruyan,4244.87,24.74,10502.91,2019,Kalimantan Tengah,7.6806027397260275,2803.42,26.98802739726027,29.23,23.53,84.47197260273973
katingan,16318.21,27.33,44597.55,2019,Kalimantan Tengah,7.843561643835617,2862.9,26.509232876712332,29.19,23.75,85.53372602739726
pulang pisau,19309.0,30.59,59061.22,2019,Kalimantan Tengah,6.088109589041095,2222.16,27.0686301369863,30.25,24.57,83.74586301369864
gunung mas,1557.68,24.51,3817.57,2019,Kalimantan Tengah,6.930191780821918,2529.52,26.214301369863012,27.97,23.71,88.24364383561644
barito timur,5518.73,30.93,17069.07,2019,Kalimantan Tengah,6.917808219178082,2525.0,25.353260273972605,27.14,23.28,90.02246575342465
murung raya,3936.95,17.52,6897.51,2019,Kalimantan Tengah,7.539150684931506,2751.79,25.577561643835615,26.79,23.46,91.49246575342465
palangka raya,27.96,32.23,90.11,2019,Kalimantan Tengah,6.7588767123287665,2466.99,26.45972602739726,28.54,23.82,87.24145205479452
kotawaringin barat,457.43,33.98,1554.28,2020,Kalimantan Tengah,10.862185792349727,3975.56,26.824234972677594,28.68,24.84,88.1144262295082
kotawaringin timur,19348.48,30.06,58166.38,2020,Kalimantan Tengah,8.994262295081967,3291.9,27.471803278688526,29.37,25.27,84.3003825136612
kapuas,55171.09,40.5,223423.31,2020,Kalimantan Tengah,9.124180327868851,3339.45,26.438688524590162,28.22,25.02,90.08215846994536
barito selatan,4276.05,35.48,15171.14,2020,Kalimantan Tengah,9.73327868852459,3562.38,26.329207650273222,28.55,24.53,90.48573770491802
barito utara,3903.69,16.96,6621.46,2020,Kalimantan Tengah,8.996502732240437,3292.72,26.0051912568306,27.74,24.35,91.20112021857923
sukamara,1370.42,22.14,3033.67,2020,Kalimantan Tengah,10.990409836065574,4022.49,26.47814207650273,28.05,24.77,90.60434426229509
lamandau,4884.5,17.28,8441.46,2020,Kalimantan Tengah,10.990409836065574,4022.49,26.47814207650273,28.05,24.77,90.60434426229509
seruyan,4534.26,21.77,9870.26,2020,Kalimantan Tengah,10.862185792349727,3975.56,26.824234972677594,28.68,24.84,88.1144262295082
katingan,17741.63,27.38,48572.83,2020,Kalimantan Tengah,10.317568306010928,3776.23,26.639562841530054,28.86,24.81,86.5465300546448
pulang pisau,22059.15,27.37,60366.46,2020,Kalimantan Tengah,11.556967213114755,4229.85,26.873606557377048,28.78,24.95,87.67122950819672
gunung mas,888.61,22.09,1963.07,2020,Kalimantan Tengah,8.589207650273224,3143.65,26.21849726775956,27.76,24.54,90.54562841530054
barito timur,5629.47,24.44,13760.31,2020,Kalimantan Tengah,9.605273224043716,3515.53,25.417131147540985,27.1,23.21,91.56158469945355
murung raya,3010.27,23.28,7007.37,2020,Kalimantan Tengah,8.845792349726775,3237.56,25.6577868852459,27.39,23.94,91.91051912568307
kotawaringin barat,124.75,38.22,476.77,2021,Kalimantan Tengah,10.462328767123287,3818.75,26.662273972602737,28.19,24.78,87.68479452054795
kotawaringin timur,15551.73,29.39,45703.62,2021,Kalimantan Tengah,8.678438356164383,3167.63,27.195013698630138,29.43,24.92,84.44734246575342
kapuas,56447.2,31.83,179659.65,2021,Kalimantan Tengah,8.782657534246576,3205.67,26.124027397260274,27.9,24.36,90.68668493150685
barito selatan,1747.99,26.94,4708.42,2021,Kalimantan Tengah,9.26158904109589,3380.48,25.974383561643833,27.59,23.99,91.05306849315069
barito utara,2329.64,27.53,6414.3,2021,Kalimantan Tengah,9.539013698630136,3481.74,25.711999999999996,27.28,23.72,91.70791780821918
sukamara,530.17,32.75,1736.31,2021,Kalimantan Tengah,10.613506849315067,3873.93,26.303643835616437,27.87,24.06,90.18619178082191
lamandau,1669.48,40.5,6761.02,2021,Kalimantan Tengah,10.613506849315067,3873.93,26.303643835616437,27.87,24.06,90.18619178082191
seruyan,3082.68,24.57,7574.66,2021,Kalimantan Tengah,10.462328767123287,3818.75,26.662273972602737,28.19,24.78,87.68479452054795
katingan,13163.74,26.06,34309.99,2021,Kalimantan Tengah,10.096520547945206,3685.23,26.426438356164383,28.85,24.24,86.49334246575343
pulang pisau,24702.14,29.62,73179.37,2021,Kalimantan Tengah,9.197150684931508,3356.96,26.55668493150685,28.18,24.58,88.24679452054795
gunung mas,369.61,25.37,937.77,2021,Kalimantan Tengah,8.439205479452054,3080.31,25.941616438356167,27.57,24.17,90.82690410958904
barito timur,5291.88,34.5,18258.66,2021,Kalimantan Tengah,9.331616438356164,3406.04,25.113342465753426,26.78,23.2,91.78652054794522
murung raya,843.05,16.88,1422.66,2021,Kalimantan Tengah,9.538794520547945,3481.66,25.38153424657534,26.89,23.26,92.27421917808218
palangka raya,15.99,28.99,46.35,2021,Kalimantan Tengah,8.573260273972602,3129.24,26.14167123287671,27.69,24.59,90.45413698630138
kotawaringin barat,115.2,28.68,330.44,2022,Kalimantan Tengah,10.572301369863013,3858.89,26.72158904109589,28.42,24.74,87.49142465753424
kotawaringin timur,10222.83,28.53,29160.84,2022,Kalimantan Tengah,9.256219178082192,3378.52,27.356219178082192,29.27,25.12,83.70594520547945
kapuas,46764.35,32.73,153060.04,2022,Kalimantan Tengah,9.454,3450.71,26.146246575342463,27.22,24.54,90.49131506849315
barito selatan,2069.58,29.82,6170.98,2022,Kalimantan Tengah,9.558054794520547,3488.69,26.044054794520548,27.4,24.18,90.61276712328768
barito utara,2831.79,28.58,8092.07,2022,Kalimantan Tengah,10.323917808219178,3768.23,25.69142465753425,27.09,23.82,91.57720547945206
sukamara,577.61,36.21,2091.58,2022,Kalimantan Tengah,10.699698630136986,3905.39,26.318986301369865,27.81,24.52,90.22131506849314
lamandau,371.93,24.05,894.55,2022,Kalimantan Tengah,10.699698630136986,3905.39,26.318986301369865,27.81,24.52,90.22131506849314
seruyan,2730.36,25.26,6897.39,2022,Kalimantan Tengah,10.572301369863013,3858.89,26.72158904109589,28.42,24.74,87.49142465753424
katingan,11098.26,27.93,30994.22,2022,Kalimantan Tengah,10.623013698630137,3877.4,26.52013698630137,28.87,24.37,85.89175342465754
pulang pisau,25300.4,33.96,85923.18,2022,Kalimantan Tengah,9.73405479452055,3552.9300000000003,26.63972602739726,28.17,24.96,87.82076712328768
gunung mas,226.52,25.11,568.9,2022,Kalimantan Tengah,9.188684931506849,3353.87,25.951835616438355,27.55,23.87,90.74024657534247
barito timur,4942.69,35.46,17525.59,2022,Kalimantan Tengah,9.751890410958904,3559.44,25.181178082191778,26.73,23.58,91.4598904109589
murung raya,967.29,22.58,2184.04,2022,Kalimantan Tengah,10.27282191780822,3749.58,25.358136986301368,26.68,23.76,92.19517808219177
palangka raya,7.94,31.4,24.93,2022,Kalimantan Tengah,9.130931506849315,3332.79,26.166109589041092,27.55,24.26,90.41619178082193
kotawaringin barat,155.53,28.45,442.56,2023,Kalimantan Tengah,6.974849315068494,2545.82,27.223808219178082,30.17,24.92,84.82975342465754
kotawaringin timur,8735.39,29.88,26098.98,2023,Kalimantan Tengah,6.944383561643835,2534.7,27.708109589041094,29.81,24.94,82.63356164383562
kapuas,44093.39,31.19,137516.69,2023,Kalimantan Tengah,6.968054794520548,2543.34,26.66304109589041,29.65,24.89,88.2292602739726
barito selatan,1854.2,32.95,6108.75,2023,Kalimantan Tengah,6.801150684931507,2482.42,26.486931506849313,28.76,24.67,89.19646575342466
barito utara,2522.64,31.8,8021.16,2023,Kalimantan Tengah,7.584410958904109,2768.31,26.1193698630137,27.65,24.34,90.756
sukamara,440.03,36.55,1608.48,2023,Kalimantan Tengah,7.110465753424658,2595.32,26.719041095890415,29.16,24.76,88.10397260273973
lamandau,250.54,29.17,730.86,2023,Kalimantan Tengah,7.110465753424658,2595.32,26.719041095890415,29.16,24.76,88.10397260273973
seruyan,3115.7,28.14,8767.53,2023,Kalimantan Tengah,6.974849315068494,2545.82,27.223808219178082,30.17,24.92,84.82975342465754
katingan,12010.32,30.22,36292.31,2023,Kalimantan Tengah,8.176739726027398,2984.51,26.797835616438356,29.4,24.27,85.36219178082192
pulang pisau,22522.39,36.89,83087.65,2023,Kalimantan Tengah,6.113260273972603,2231.34,27.267753424657535,30.86,25.24,84.58060273972602
gunung mas,203.61,31.41,639.56,2023,Kalimantan Tengah,7.321589041095891,2672.38,26.39408219178082,28.61,24.56,89.08835616438355
barito timur,5099.04,39.94,20367.18,2023,Kalimantan Tengah,6.950465753424658,2536.92,25.589808219178085,27.36,23.74,90.43331506849316
murung raya,561.53,18.63,1045.85,2023,Kalimantan Tengah,7.616465753424657,2780.0099999999998,25.794054794520548,27.15,23.77,91.62928767123289
palangka raya,15.99,33.45,53.49,2023,Kalimantan Tengah,6.8993972602739735,2518.28,26.655479452054795,28.89,24.44,87.96265753424657
kotawaringin barat,188.81,33.04,623.83,2024,Kalimantan Tengah,8.665081967213116,3171.42,27.395983606557376,29.32,25.39,87.08303278688524
kotawaringin timur,9162.54,32.46,29745.75,2024,Kalimantan Tengah,9.250737704918032,3385.77,27.99439890710383,31.06,25.43,83.93696721311476
kapuas,48720.01,30.67,149428.47,2024,Kalimantan Tengah,9.093852459016393,3328.35,26.89377049180328,28.21,24.97,89.93918032786884
barito selatan,2000.8,35.49,7101.23,2024,Kalimantan Tengah,8.76311475409836,3207.3,26.812814207650273,28.2,24.84,90.22918032786885
barito utara,3150.63,23.79,7494.46,2024,Kalimantan Tengah,9.384207650273224,3434.62,26.44346994535519,27.64,24.72,91.38535519125683
sukamara,637.84,28.55,1820.74,2024,Kalimantan Tengah,8.854945355191257,3240.91,26.984945355191257,28.45,25.14,90.01019125683061
lamandau,288.41,27.61,796.39,2024,Kalimantan Tengah,8.854945355191257,3240.91,26.984945355191257,28.45,25.14,90.01019125683061
seruyan,2775.24,30.08,8348.74,2024,Kalimantan Tengah,8.665081967213116,3171.42,27.395983606557376,29.32,25.39,87.08303278688524
katingan,12049.32,33.26,40081.48,2024,Kalimantan Tengah,9.96188524590164,3646.05,27.17743169398907,29.58,24.76,86.20909836065573
pulang pisau,25931.17,38.7,100360.63,2024,Kalimantan Tengah,7.598032786885247,2780.88,27.355737704918035,29.1,25.52,87.32781420765028
gunung mas,112.72,27.65,311.67,2024,Kalimantan Tengah,9.831857923497267,3598.46,26.703469945355188,28.03,25.05,90.49161202185792
barito timur,5497.95,34.9,19185.26,2024,Kalimantan Tengah,8.822267759562841,3228.95,25.92877049180328,27.49,23.86,91.18663934426229
murung raya,500.53,16.94,847.69,2024,Kalimantan Tengah,9.343387978142076,3419.68,26.103387978142077,27.43,23.46,92.07418032786886
palangka raya,0.15,31.9,0.48,2024,Kalimantan Tengah,9.21601092896175,3373.06,26.89412568306011,28.16,25.06,89.80292349726777
kotawaringin barat,281.0,38.06,1068.0,2025,Kalimantan Tengah,10.33345205479452,3771.71,26.772273972602736,28.53,24.79,87.75835616438356
kotawaringin timur,9310.0,33.51,31196.0,2025,Kalimantan Tengah,9.584493150684931,3498.34,27.262986301369864,29.73,24.67,84.80468493150684
kapuas,34740.0,33.16,115188.0,2025,Kalimantan Tengah,9.191780821917808,3355.0,26.270246575342465,27.67,24.34,90.6082191780822
barito selatan,1858.0,31.27,5810.0,2025,Kalimantan Tengah,8.712164383561644,3179.94,26.184684931506848,27.68,24.29,90.7458904109589
barito utara,4648.0,25.69,11940.0,2025,Kalimantan Tengah,8.978931506849316,3277.31,25.861753424657532,27.29,24.06,91.7515890410959
sukamara,292.0,38.03,1109.0,2025,Kalimantan Tengah,10.41972602739726,3803.2,26.433780821917807,28.06,24.7,90.29526027397259
lamandau,362.0,29.76,1076.0,2025,Kalimantan Tengah,10.41972602739726,3803.2,26.433780821917807,28.06,24.7,90.29526027397259
seruyan,5015.0,27.6,13844.0,2025,Kalimantan Tengah,10.33345205479452,3771.71,26.772273972602736,28.53,24.79,87.75835616438356
katingan,12772.0,32.01,40889.0,2025,Kalimantan Tengah,9.835342465753424,3589.9,26.516986301369865,29.16,23.91,86.53378082191782
pulang pisau,21166.0,40.87,86514.0,2025,Kalimantan Tengah,8.796246575342465,3210.63,26.68172602739726,28.2,24.73,88.34043835616438
gunung mas,70.0,20.51,143.0,2025,Kalimantan Tengah,9.674328767123288,3531.13,26.09268493150685,27.57,24.1,90.99057534246575
barito timur,6369.0,38.17,24310.0,2025,Kalimantan Tengah,8.774657534246575,3202.75,25.333232876712326,27.17,23.69,91.5313698630137
murung raya,268.0,12.54,337.0,2025,Kalimantan Tengah,9.00654794520548,3287.39,25.54482191780822,26.84,23.81,92.29421917808219
palangka raya,1.0,37.5,4.0,2025,Kalimantan Tengah,9.577890410958904,3495.93,26.278520547945206,27.77,24.28,90.52257534246574
paser,8415.02,38.13,32083.72,2018,Kalimantan Timur,7.625972602739726,2783.48,25.6992602739726,27.01,23.89,89.66895890410959
kutai barat,395.83,27.53,1089.61,2018,Kalimantan Timur,7.80358904109589,2848.31,25.587890410958902,26.96,23.8,91.93843835616438
kutai kartanegara,31084.0,46.34,144048.49,2018,Kalimantan Timur,5.989698630136986,2186.24,25.665616438356167,27.1,23.94,91.59257534246575
kutai timur,3587.82,35.82,12850.97,2018,Kalimantan Timur,5.723123287671233,2088.94,26.040219178082193,27.32,24.06,89.86964383561643
berau,6401.38,30.34,19422.59,2018,Kalimantan Timur,7.001972602739725,2555.72,25.456054794520547,26.78,23.95,91.46199999999999
penajam paser utara,11084.82,34.32,38039.29,2018,Kalimantan Timur,7.625972602739726,2783.48,25.6992602739726,27.01,23.89,89.66895890410959
mahakam ulu,546.64,20.5,1120.42,2018,Kalimantan Timur,7.756164383561644,2831.0,24.138904109589042,25.45,22.38,92.32912328767122
samarinda,3388.65,41.12,13933.69,2018,Kalimantan Timur,5.989698630136986,2186.24,25.665616438356167,27.1,23.94,91.59257534246575
bontang,57.0,32.47,185.1,2018,Kalimantan Timur,5.5523561643835615,2026.61,26.910465753424656,28.3,25.02,84.54369863013699
paser,13012.74,37.08,48251.88,2019,Kalimantan Timur,6.746328767123288,2462.41,25.880000000000003,27.5,24.07,89.11019178082192
kutai barat,292.91,32.87,962.88,2019,Kalimantan Timur,7.53186301369863,2749.13,25.82731506849315,27.23,24.11,91.26402739726028
kutai kartanegara,31358.2,38.65,121202.53,2019,Kalimantan Timur,5.7426301369863015,2096.06,25.923424657534245,27.73,24.34,90.53243835616438
kutai timur,4541.74,35.07,15926.08,2019,Kalimantan Timur,5.368931506849315,1959.66,26.274301369863014,27.67,24.91,88.83934246575343
berau,4771.22,35.08,16739.31,2019,Kalimantan Timur,6.066630136986301,2214.32,25.78887671232877,27.85,23.9,89.39041095890411
penajam paser utara,13138.93,31.68,41622.32,2019,Kalimantan Timur,6.746328767123288,2462.41,25.880000000000003,27.5,24.07,89.11019178082192
mahakam ulu,470.25,32.35,1521.06,2019,Kalimantan Timur,7.242054794520548,2643.35,24.3846301369863,26.01,22.84,91.73249315068493
balikpapan,12.52,29.77,37.27,2019,Kalimantan Timur,5.02027397260274,1832.4,26.368438356164383,28.36,24.71,87.78583561643835
samarinda,2021.86,35.67,7212.12,2019,Kalimantan Timur,5.7426301369863015,2096.06,25.923424657534245,27.73,24.34,90.53243835616438
bontang,87.38,39.25,342.92,2019,Kalimantan Timur,5.335753424657534,1947.55,27.17764383561644,28.64,25.85,83.41049315068494
paser,12825.6,40.83,52365.75,2020,Kalimantan Timur,9.551639344262295,3495.9,25.96106557377049,27.4,23.81,89.94811475409837
kutai barat,510.78,23.48,1199.22,2020,Kalimantan Timur,8.95707650273224,3278.29,25.87478142076503,27.64,23.72,91.99857923497268
kutai kartanegara,31952.96,34.72,110940.44,2020,Kalimantan Timur,7.415983606557377,2714.25,25.96013661202186,27.49,23.25,91.44311475409836
kutai timur,4978.75,34.3,17078.56,2020,Kalimantan Timur,6.578087431693989,2407.58,26.26237704918033,27.73,24.68,89.63945355191257
berau,6461.68,36.14,23352.73,2020,Kalimantan Timur,8.559808743169398,3132.89,25.653196721311474,27.44,24.15,91.20601092896175
penajam paser utara,13924.41,33.77,47018.03,2020,Kalimantan Timur,9.551639344262295,3495.9,25.96106557377049,27.4,23.81,89.94811475409837
mahakam ulu,464.44,23.29,1081.75,2020,Kalimantan Timur,8.507540983606559,3113.76,24.450000000000003,26.11,22.82,92.11508196721311
balikpapan,118.31,35.46,419.57,2020,Kalimantan Timur,7.4344808743169395,2721.02,26.432868852459016,27.91,24.39,88.52568306010929
samarinda,2250.75,38.44,8651.61,2020,Kalimantan Timur,7.415983606557377,2714.25,25.96013661202186,27.49,23.25,91.44311475409836
bontang,80.76,40.47,326.86,2020,Kalimantan Timur,6.620273224043716,2423.02,27.136284153005462,28.61,25.04,84.42122950819672
paser,13137.77,39.56,51972.06,2021,Kalimantan Timur,9.60758904109589,3506.77,25.758410958904108,26.96,23.57,89.91624657534247
kutai barat,527.89,38.29,2021.46,2021,Kalimantan Timur,9.577287671232877,3495.71,25.62764383561644,27.09,23.58,92.29805479452055
kutai kartanegara,27635.02,37.79,104441.83,2021,Kalimantan Timur,8.23331506849315,3005.16,25.75715068493151,27.27,23.9,91.9087397260274
kutai timur,3660.48,35.84,13119.61,2021,Kalimantan Timur,7.230931506849315,2639.29,26.09235616438356,27.36,24.31,89.78093150684931
berau,5756.54,38.85,22364.87,2021,Kalimantan Timur,6.946739726027397,2535.56,25.477890410958906,27.02,23.86,91.36024657534246
penajam paser utara,13501.6,31.2,42130.12,2021,Kalimantan Timur,9.60758904109589,3506.77,25.758410958904108,26.96,23.57,89.91624657534247
mahakam ulu,232.22,40.14,932.09,2021,Kalimantan Timur,9.267890410958906,3382.78,24.144712328767124,25.62,22.22,92.58668493150685
balikpapan,102.67,34.49,354.13,2021,Kalimantan Timur,7.7344109589041095,2823.06,26.268876712328765,27.55,24.1,88.4624109589041
samarinda,1632.33,42.82,6988.91,2021,Kalimantan Timur,8.23331506849315,3005.16,25.75715068493151,27.27,23.9,91.9087397260274
bontang,82.94,42.55,352.88,2021,Kalimantan Timur,7.696328767123287,2809.16,26.989287671232876,28.47,25.11,84.1891506849315
paser,11663.91,41.33,48202.66,2022,Kalimantan Timur,9.747041095890411,3557.67,25.808082191780823,27.23,24.12,89.47580821917808
kutai barat,477.55,26.9,1284.77,2022,Kalimantan Timur,10.316054794520548,3765.36,25.577095890410956,26.78,24.26,92.25290410958904
kutai kartanegara,27981.31,37.53,105025.7,2022,Kalimantan Timur,8.66504109589041,3162.74,25.720547945205478,27.48,24.36,91.97665753424658
kutai timur,3415.9,35.35,12076.25,2022,Kalimantan Timur,7.808520547945206,2850.11,26.060410958904107,27.54,24.56,89.86813698630138
berau,6229.84,33.93,21135.98,2022,Kalimantan Timur,7.316931506849315,2670.68,25.437397260273972,26.78,23.77,91.41128767123288
penajam paser utara,13531.22,33.38,45160.69,2022,Kalimantan Timur,9.747041095890411,3557.67,25.808082191780823,27.23,24.12,89.47580821917808
mahakam ulu,201.45,24.29,489.42,2022,Kalimantan Timur,9.941506849315068,3628.65,24.15,25.4,22.65,92.44139726027397
balikpapan,86.93,34.75,302.1,2022,Kalimantan Timur,8.057917808219178,2941.14,26.264438356164383,28.12,24.48,88.46287671232876
samarinda,1312.78,41.84,5492.34,2022,Kalimantan Timur,8.66504109589041,3162.74,25.720547945205478,27.48,24.36,91.97665753424658
bontang,69.12,36.95,255.43,2022,Kalimantan Timur,8.1533698630137,2975.98,26.93542465753425,28.41,25.5,84.51802739726027
paser,6584.52,43.45,28608.94,2023,Kalimantan Timur,6.729589041095891,2456.3,26.16219178082192,27.78,24.31,89.20095890410958
kutai barat,426.23,30.95,1319.37,2023,Kalimantan Timur,7.591808219178083,2771.01,26.053780821917805,27.59,24.08,91.46668493150683
kutai kartanegara,26547.34,43.36,115103.82,2023,Kalimantan Timur,5.952301369863014,2172.59,26.202301369863015,27.76,24.44,90.94643835616438
kutai timur,3505.89,29.0,10167.79,2023,Kalimantan Timur,5.982219178082192,2183.51,26.500876712328765,27.91,24.64,89.33898630136986
berau,6027.48,34.01,20498.89,2023,Kalimantan Timur,7.199917808219178,2627.97,25.87901369863014,27.42,23.96,91.18254794520547
penajam paser utara,12521.93,36.02,45100.57,2023,Kalimantan Timur,6.729589041095891,2456.3,26.16219178082192,27.78,24.31,89.20095890410958
mahakam ulu,227.99,29.86,680.75,2023,Kalimantan Timur,7.485917808219178,2732.36,24.598191780821917,25.92,22.77,92.03435616438357
balikpapan,41.45,37.11,153.81,2023,Kalimantan Timur,5.31854794520548,1941.27,26.650712328767124,28.42,24.81,87.94991780821918
samarinda,1157.71,44.78,5184.28,2023,Kalimantan Timur,5.952301369863014,2172.59,26.202301369863015,27.76,24.44,90.94643835616438
bontang,41.47,37.1,153.85,2023,Kalimantan Timur,5.703287671232876,2081.7,27.40591780821918,29.19,25.73,83.74871232876713
paser,11342.28,46.63,52886.67,2024,Kalimantan Timur,8.838551912568306,3234.91,26.398907103825138,27.72,24.6,90.01852459016393
kutai barat,449.25,30.01,1348.29,2024,Kalimantan Timur,9.30502732240437,3405.64,26.336338797814207,27.95,24.0,92.10674863387977
kutai kartanegara,26031.16,40.93,106553.73,2024,Kalimantan Timur,7.093579234972678,2596.25,26.389371584699454,27.79,24.08,91.67338797814207
kutai timur,3790.01,36.78,13938.46,2024,Kalimantan Timur,6.72360655737705,2460.84,26.69415300546448,28.08,24.67,90.30035519125683
berau,5674.14,29.42,16693.4,2024,Kalimantan Timur,8.32691256830601,3047.65,26.061803278688526,27.46,24.57,91.74016393442623
penajam paser utara,13235.19,36.37,48133.9,2024,Kalimantan Timur,8.838551912568306,3234.91,26.398907103825138,27.72,24.6,90.01852459016393
mahakam ulu,283.33,24.07,681.92,2024,Kalimantan Timur,8.984781420765026,3288.43,24.924590163934425,26.36,22.73,92.33265027322405
balikpapan,49.61,25.34,125.69,2024,Kalimantan Timur,7.0048360655737705,2563.77,26.806229508196722,28.11,24.92,89.12967213114754
samarinda,2186.68,42.44,9280.84,2024,Kalimantan Timur,7.093579234972678,2596.25,26.389371584699454,27.79,24.08,91.67338797814207
paser,14599.0,46.34,67651.0,2025,Kalimantan Timur,8.883260273972603,3242.39,25.94619178082192,27.77,24.52,89.78019178082191
kutai barat,1727.0,30.61,5286.0,2025,Kalimantan Timur,8.941205479452055,3263.54,25.781534246575344,27.24,23.51,92.28449315068492
kutai kartanegara,26287.0,42.18,110870.0,2025,Kalimantan Timur,8.217698630136987,2999.46,25.930301369863013,27.79,24.54,91.76523287671232
kutai timur,4198.0,36.12,15165.0,2025,Kalimantan Timur,7.810109589041096,2850.69,26.224109589041095,27.63,24.47,90.30402739726027
berau,3110.0,38.24,11893.0,2025,Kalimantan Timur,9.732465753424657,3552.35,25.606547945205477,26.95,24.02,92.04871232876712
penajam paser utara,13570.0,35.06,47581.0,2025,Kalimantan Timur,8.883260273972603,3242.39,25.94619178082192,27.77,24.52,89.78019178082191
mahakam ulu,191.0,36.36,696.0,2025,Kalimantan Timur,8.811068493150685,3216.04,24.34893150684932,25.69,22.73,92.4165205479452
balikpapan,65.0,39.36,256.0,2025,Kalimantan Timur,7.623917808219178,2782.73,26.417616438356166,28.42,24.74,88.77227397260275
samarinda,2769.0,41.42,11469.0,2025,Kalimantan Timur,8.217698630136987,2999.46,25.930301369863013,27.79,24.54,91.76523287671232
malinau,2682.0,30.69,8230.39,2018,Kalimantan Utara,8.644575342465753,3155.27,25.48586301369863,26.6,23.78,92.52079452054794
bulungan,4817.9,33.17,15978.78,2018,Kalimantan Utara,8.501287671232877,3102.97,26.698493150684932,27.88,25.3,87.14487671232877
tana tidung,458.53,30.02,1376.35,2018,Kalimantan Utara,8.644575342465753,3155.27,25.48586301369863,26.6,23.78,92.52079452054794
nunukan,5731.8,33.89,19425.91,2018,Kalimantan Utara,8.025287671232876,2929.23,25.052356164383564,26.21,23.4,92.34424657534247
tarakan,16.77,31.07,52.1,2018,Kalimantan Utara,8.610739726027397,3142.92,27.74391780821918,29.33,26.02,81.08219178082192
malinau,1966.1,33.39,6564.07,2019,Kalimantan Utara,8.044356164383561,2936.19,25.691150684931507,27.1,23.59,91.39841095890411
bulungan,4327.52,29.14,12610.09,2019,Kalimantan Utara,7.564164383561644,2760.92,26.920739726027396,28.1,25.28,86.07824657534248
tana tidung,110.11,25.91,285.3,2019,Kalimantan Utara,8.044356164383561,2936.19,25.691150684931507,27.1,23.59,91.39841095890411
nunukan,3875.27,35.7,13835.77,2019,Kalimantan Utara,7.340054794520547,2679.12,25.23939726027397,26.58,23.3,91.3529589041096
tarakan,15.7,39.47,61.96,2019,Kalimantan Utara,7.962301369863014,2906.2400000000002,28.048493150684934,29.6,25.97,79.79298630136987
malinau,2049.59,32.03,6565.84,2020,Kalimantan Utara,12.633579234972679,4623.89,25.64521857923497,27.42,23.88,92.0274043715847
bulungan,4605.83,33.42,15394.85,2020,Kalimantan Utara,12.22606557377049,4474.74,26.869972677595626,28.71,25.66,86.67166666666667
tana tidung,286.78,25.56,733.01,2020,Kalimantan Utara,12.633579234972679,4623.89,25.64521857923497,27.42,23.88,92.0274043715847
nunukan,2933.0,37.05,10865.63,2020,Kalimantan Utara,10.4824043715847,3836.56,25.197896174863388,27.07,23.53,91.94109289617487
tarakan,7.85,19.04,14.95,2020,Kalimantan Utara,12.674180327868852,4638.75,27.937185792349727,29.84,26.47,80.62489071038252
malinau,1374.75,29.76,4091.82,2021,Kalimantan Utara,8.77813698630137,3204.02,25.497013698630138,26.94,23.96,92.35002739726028
bulungan,3954.32,32.9,13010.96,2021,Kalimantan Utara,8.683534246575341,3169.49,26.705013698630136,28.25,25.44,86.9847397260274
tana tidung,228.29,28.01,639.43,2021,Kalimantan Utara,8.77813698630137,3204.02,25.497013698630138,26.94,23.96,92.35002739726028
nunukan,3303.82,36.85,12173.72,2021,Kalimantan Utara,8.137863013698631,2970.32,25.051726027397258,26.69,23.01,92.25564383561643
tarakan,19.65,26.15,51.38,2021,Kalimantan Utara,8.74131506849315,3190.58,27.76695890410959,29.7,26.17,80.89128767123287
malinau,1520.93,35.07,5333.52,2022,Kalimantan Utara,8.892493150684931,3245.7599999999998,25.428602739726028,26.74,23.47,92.35701369863013
bulungan,3341.49,34.79,11626.22,2022,Kalimantan Utara,8.323178082191781,3037.96,26.651999999999997,27.93,25.09,86.94383561643835
tana tidung,186.78,30.35,566.97,2022,Kalimantan Utara,8.892493150684931,3245.7599999999998,25.428602739726028,26.74,23.47,92.35701369863013
nunukan,3535.35,36.62,12945.28,2022,Kalimantan Utara,8.609561643835615,3142.49,24.974520547945207,26.45,23.08,92.29602739726027
tarakan,19.64,31.36,61.6,2022,Kalimantan Utara,8.828904109589041,3222.55,27.70695890410959,29.14,25.87,80.7751506849315
malinau,1451.05,34.88,5061.43,2023,Kalimantan Utara,8.61572602739726,3144.74,25.881068493150686,27.21,24.06,92.34098630136987
bulungan,2632.03,38.36,10095.87,2023,Kalimantan Utara,8.40454794520548,3067.66,27.074082191780825,28.37,25.21,87.17909589041096
tana tidung,153.41,26.6,408.0,2023,Kalimantan Utara,8.61572602739726,3144.74,25.881068493150686,27.21,24.06,92.34098630136987
nunukan,2251.65,35.48,7989.3,2023,Kalimantan Utara,7.801534246575343,2847.56,25.437205479452054,26.6,23.6,92.29912328767124
tarakan,11.78,40.24,47.4,2023,Kalimantan Utara,8.52268493150685,3110.78,28.123643835616438,29.62,26.17,81.18542465753424
malinau,1512.75,37.51,5673.66,2024,Kalimantan Utara,8.853060109289617,3240.22,26.141530054644807,27.83,24.62,92.30191256830601
bulungan,3323.21,35.91,11932.59,2024,Kalimantan Utara,8.904016393442623,3258.87,27.304234972677598,28.86,25.63,87.35729508196721
tana tidung,91.12,32.42,295.38,2024,Kalimantan Utara,8.853060109289617,3240.22,26.141530054644807,27.83,24.62,92.30191256830601
nunukan,3347.12,36.31,12153.02,2024,Kalimantan Utara,8.054344262295082,2947.89,25.720765027322404,27.4,24.09,92.12177595628415
tarakan,7.85,32.0,25.12,2024,Kalimantan Utara,8.724316939890711,3193.1,28.368551912568304,30.27,26.4,81.38994535519126
malinau,1753.0,41.47,7270.0,2025,Kalimantan Utara,9.259945205479452,3379.88,25.626465753424657,26.93,24.07,92.6653698630137
bulungan,5146.0,36.35,18704.0,2025,Kalimantan Utara,9.446246575342466,3447.88,26.81254794520548,28.22,25.46,87.61265753424657
tana tidung,136.0,33.88,459.0,2025,Kalimantan Utara,9.259945205479452,3379.88,25.626465753424657,26.93,24.07,92.6653698630137
nunukan,3165.0,36.57,11575.0,2025,Kalimantan Utara,8.554191780821919,3122.28,25.20386301369863,26.66,23.8,92.4747397260274
tarakan,10.0,31.45,31.0,2025,Kalimantan Utara,9.057342465753424,3305.93,27.84608219178082,29.38,26.29,81.56591780821918
bangka tengah,170.72,32.48,554.53,2018,Kepulauan Bangka Belitung,6.013123287671233,2194.79,27.370356164383562,28.78,25.47,82.61830136986302
bangka tengah,112.35,39.09,439.19,2019,Kepulauan Bangka Belitung,5.628109589041096,2054.26,27.776301369863013,29.57,26.19,81.07123287671233
belitung,406.13,21.58,876.41,2020,Kepulauan Bangka Belitung,7.256338797814208,2655.82,28.046311475409837,29.41,26.55,81.74035519125684
bangka tengah,98.31,37.17,365.39,2020,Kepulauan Bangka Belitung,7.365655737704918,2695.83,27.581393442622954,29.22,25.99,83.55456284153006
belitung,293.25,23.76,696.68,2021,Kepulauan Bangka Belitung,6.975452054794521,2546.04,27.94471232876712,29.63,26.28,80.98150684931507
bangka tengah,121.72,30.4,370.04,2021,Kepulauan Bangka Belitung,7.034,2567.41,27.405698630136985,29.22,25.36,83.24271232876713
belitung,332.09,24.3,807.06,2022,Kepulauan Bangka Belitung,7.880684931506849,2876.45,27.894109589041097,29.31,26.36,81.21112328767124
bangka tengah,112.36,27.6,310.07,2022,Kepulauan Bangka Belitung,7.977890410958904,2911.93,27.324027397260274,29.11,25.34,83.78652054794522
belitung,293.57,23.89,701.46,2023,Kepulauan Bangka Belitung,4.686219178082192,1710.47,28.342191780821917,30.0,26.06,80.01095890410959
bangka tengah,112.36,35.19,395.38,2023,Kepulauan Bangka Belitung,5.087780821917808,1857.04,27.878164383561646,29.89,25.64,81.97542465753425
belitung,316.87,22.08,699.74,2024,Kepulauan Bangka Belitung,5.802349726775956,2123.66,28.695027322404368,30.03,27.01,80.34765027322405
bangka tengah,121.08,40.14,486.0,2024,Kepulauan Bangka Belitung,6.319590163934426,2312.97,28.208333333333332,29.54,26.36,82.51035519125683
belitung,236.0,23.23,549.0,2025,Kepulauan Bangka Belitung,7.003232876712328,2556.18,28.106493150684933,29.7,26.38,81.33298630136987
bangka tengah,151.0,42.29,641.0,2025,Kepulauan Bangka Belitung,7.000547945205479,2555.2,27.567068493150682,29.45,25.91,83.66071232876712
karimun,68.04,26.84,182.64,2018,Kepulauan Riau,5.952082191780822,2172.51,27.951095890410958,29.56,24.87,80.68742465753425
bintan,14.33,30.96,44.36,2018,Kepulauan Riau,5.675643835616439,2071.61,27.970356164383563,29.73,25.28,80.67879452054794
natuna,119.56,23.76,284.05,2018,Kepulauan Riau,4.845917808219178,1768.76,27.948602739726027,29.74,25.54,80.64098630136986
lingga,152.33,34.13,519.92,2018,Kepulauan Riau,5.910931506849316,2157.4900000000002,28.046794520547945,29.76,25.22,79.85419178082192
kepulauan anambas,21.61,30.56,66.03,2018,Kepulauan Riau,3.7778082191780826,1378.9,27.860849315068492,29.67,25.44,81.4477808219178
karimun,60.31,31.38,189.27,2019,Kepulauan Riau,5.157890410958903,1882.6299999999999,28.450986301369866,30.21,26.25,78.67928767123287
bintan,16.11,45.0,72.5,2019,Kepulauan Riau,4.727150684931507,1725.41,28.478246575342464,30.49,26.42,78.41380821917808
natuna,132.79,34.47,457.73,2019,Kepulauan Riau,4.207479452054795,1535.73,28.236301369863014,29.97,26.67,79.76649315068494
lingga,132.96,28.08,373.35,2019,Kepulauan Riau,5.579287671232877,2036.44,28.52956164383562,30.51,26.71,77.99643835616439
kepulauan anambas,14.1,41.1,57.95,2019,Kepulauan Riau,2.832575342465754,1033.89,28.230904109589044,30.14,26.39,79.77942465753425
karimun,39.2,15.28,59.89,2020,Kepulauan Riau,6.722540983606557,2460.45,28.079918032786885,30.01,26.54,81.34778688524591
bintan,17.91,29.65,53.11,2020,Kepulauan Riau,6.574890710382514,2406.41,28.107322404371587,29.8,26.57,81.2327868852459
natuna,138.42,29.52,408.65,2020,Kepulauan Riau,4.988142076502733,1825.66,28.082540983606556,30.07,26.45,80.60043715846994
lingga,71.04,32.2,228.76,2020,Kepulauan Riau,7.317786885245901,2678.31,28.16289617486339,29.94,26.67,80.73013661202185
kepulauan anambas,31.95,31.97,102.13,2020,Kepulauan Riau,4.083415300546448,1494.53,28.053142076502734,29.94,26.36,81.08756830601092
karimun,23.19,34.9,80.94,2021,Kepulauan Riau,11.608109589041096,4236.96,27.809342465753424,29.49,25.75,81.59545205479452
bintan,12.54,34.61,43.4,2021,Kepulauan Riau,9.620630136986302,3511.53,27.880082191780822,29.43,25.88,81.24657534246575
natuna,109.46,27.32,299.02,2021,Kepulauan Riau,5.103452054794521,1862.76,27.914109589041097,29.93,25.38,80.25769863013699
lingga,85.51,32.99,282.12,2021,Kepulauan Riau,8.357835616438356,3050.61,27.934109589041096,29.64,26.35,80.65024657534246
kepulauan anambas,39.46,37.89,149.53,2021,Kepulauan Riau,4.21068493150685,1536.9,27.88309589041096,29.76,24.91,80.90424657534247
bintan,8.95,28.34,25.36,2022,Kepulauan Riau,9.260547945205479,3380.1,27.956849315068492,29.75,25.89,81.5985205479452
natuna,98.44,29.19,287.3,2022,Kepulauan Riau,6.149150684931507,2244.44,28.038164383561643,30.02,25.99,80.40676712328768
lingga,44.84,26.34,118.12,2022,Kepulauan Riau,8.617287671232877,3145.31,27.97986301369863,29.97,25.78,80.90646575342465
kepulauan anambas,27.25,27.94,76.13,2022,Kepulauan Riau,4.928493150684932,1798.9,28.076054794520548,30.12,25.96,80.77315068493151
karimun,1.41,21.35,3.01,2023,Kepulauan Riau,14.87372602739726,5428.91,28.289753424657533,30.07,25.64,82.03520547945205
bintan,5.37,21.27,11.42,2023,Kepulauan Riau,11.169753424657534,4076.96,28.315917808219176,30.04,25.81,81.86684931506849
natuna,54.11,28.03,151.66,2023,Kepulauan Riau,5.121972602739726,1869.52,28.316,30.26,26.01,81.34884931506849
lingga,33.71,30.7,103.48,2023,Kepulauan Riau,8.340082191780823,3044.13,28.410520547945207,30.06,26.13,80.66950684931507
kepulauan anambas,20.67,26.34,54.44,2023,Kepulauan Riau,3.724383561643836,1359.4,28.390246575342466,30.38,25.52,81.44021917808219
bintan,16.11,26.8,43.17,2024,Kepulauan Riau,9.915737704918032,3629.16,28.70035519125683,30.17,26.62,81.93021857923497
natuna,68.69,26.8,184.07,2024,Kepulauan Riau,4.899590163934426,1793.25,28.70281420765027,30.6,26.79,80.68013661202185
lingga,21.95,27.77,60.96,2024,Kepulauan Riau,8.041967213114754,2943.36,28.75226775956284,30.2,26.71,80.89051912568306
kepulauan anambas,6.58,25.67,16.89,2024,Kepulauan Riau,4.070300546448087,1489.73,28.75879781420765,30.82,26.67,81.15262295081968
bintan,20.0,30.44,60.0,2025,Kepulauan Riau,15.66282191780822,5716.93,28.261315068493147,30.16,26.3,82.43430136986302
natuna,145.0,33.09,481.0,2025,Kepulauan Riau,5.650438356164383,2062.41,28.161369863013697,30.37,25.77,82.19498630136985
lingga,39.0,28.4,110.0,2025,Kepulauan Riau,12.111917808219179,4420.85,28.225123287671234,29.95,26.15,81.54969863013699
kepulauan anambas,12.0,30.45,38.0,2025,Kepulauan Riau,4.564575342465753,1666.07,28.244931506849316,30.58,25.66,82.25871232876712
lampung barat,15536.23,52.36,81355.0,2018,Lampung,5.076849315068493,1853.05,24.20345205479452,26.86,21.84,84.18342465753425
tanggamus,26666.26,58.39,155711.37,2018,Lampung,5.07027397260274,1850.65,25.651999999999997,27.36,23.77,82.04764383561644
lampung selatan,48729.28,55.07,268374.79,2018,Lampung,5.42786301369863,1981.17,27.45117808219178,29.52,25.71,79.86175342465754
lampung timur,99903.34,44.23,441855.33,2018,Lampung,5.084986301369863,1856.02,27.122219178082194,29.52,25.3,81.39706849315068
lampung tengah,114756.51,45.78,525372.11,2018,Lampung,5.084986301369863,1856.02,27.122219178082194,29.52,25.3,81.39706849315068
lampung utara,19277.16,43.25,83364.18,2018,Lampung,5.29772602739726,1933.67,26.49232876712329,28.86,24.12,84.23671232876713
way kanan,19121.79,49.82,95255.86,2018,Lampung,5.383534246575342,1964.99,25.2013698630137,27.87,22.86,85.01827397260273
tulangbawang,43681.36,44.55,194593.04,2018,Lampung,5.48682191780822,2002.69,26.799123287671232,28.84,24.76,84.74942465753425
pesawaran,24396.52,55.12,134478.34,2018,Lampung,5.236,1911.1399999999999,26.32758904109589,28.56,24.47,82.55306849315068
pringsewu,24838.07,56.87,141246.17,2018,Lampung,5.236,1911.1399999999999,26.32758904109589,28.56,24.47,82.55306849315068
mesuji,44556.79,51.23,228265.9,2018,Lampung,5.48682191780822,2002.69,26.799123287671232,28.84,24.76,84.74942465753425
tulang bawang barat,11543.67,37.59,43391.57,2018,Lampung,5.1716712328767125,1887.66,26.985397260273974,29.14,25.06,82.92969863013698
pesisir barat,13208.91,51.02,67393.77,2018,Lampung,6.1190136986301376,2233.44,27.491178082191784,29.34,25.78,81.04161643835616
bandar lampung,496.26,56.32,2794.74,2018,Lampung,5.236,1911.1399999999999,26.32758904109589,28.56,24.47,82.55306849315068
metro,5228.78,48.18,25189.74,2018,Lampung,4.97972602739726,1817.6,26.302657534246574,29.26,23.8,82.87950684931506
lampung barat,13631.86,43.39,59142.33,2019,Lampung,5.123397260273973,1870.04,24.925890410958907,27.78,21.88,79.83169863013698
tanggamus,24437.96,49.82,121750.98,2019,Lampung,5.15172602739726,1880.3799999999999,25.97161643835616,27.86,23.13,79.6994794520548
lampung selatan,44070.05,60.33,265878.24,2019,Lampung,4.940191780821918,1803.17,27.865917808219177,30.41,25.8,77.61224657534247
lampung timur,80699.48,44.0,355113.03,2019,Lampung,4.897835616438356,1787.71,27.69805479452055,31.11,25.54,78.4807397260274
lampung tengah,98254.4,46.33,455234.05,2019,Lampung,4.897835616438356,1787.71,27.69805479452055,31.11,25.54,78.4807397260274
lampung utara,15080.38,41.0,61822.68,2019,Lampung,5.226301369863013,1907.6,27.295068493150687,31.27,24.22,79.96830136986301
way kanan,17586.18,33.79,59419.44,2019,Lampung,5.248082191780822,1915.55,26.057232876712327,30.1,22.8,79.9907397260274
tulangbawang,51559.24,42.26,217894.34,2019,Lampung,5.429342465753424,1981.71,27.293287671232875,30.13,24.97,82.57720547945206
pesawaran,20564.75,54.11,111281.36,2019,Lampung,5.052219178082192,1844.06,26.780739726027395,29.4,24.23,79.89701369863013
pringsewu,21439.28,52.57,112699.15,2019,Lampung,5.052219178082192,1844.06,26.780739726027395,29.4,24.23,79.89701369863013
mesuji,56247.52,43.89,246840.77,2019,Lampung,5.429342465753424,1981.71,27.293287671232875,30.13,24.97,82.57720547945206
tulang bawang barat,6071.41,50.52,30670.11,2019,Lampung,5.108849315068493,1864.73,27.571835616438353,30.78,25.21,80.1112602739726
pesisir barat,11038.55,46.16,50951.25,2019,Lampung,6.634767123287672,2421.69,27.136986301369863,29.49,24.53,81.81857534246575
bandar lampung,423.74,54.71,2318.24,2019,Lampung,5.052219178082192,1844.06,26.780739726027395,29.4,24.23,79.89701369863013
metro,2998.62,43.6,13073.36,2019,Lampung,4.973479452054795,1815.32,27.05249315068493,30.88,24.31,78.85715068493151
lampung barat,13400.6,42.6,57093.19,2020,Lampung,7.339125683060109,2686.12,24.187431693989073,25.63,22.09,88.01811475409836
tanggamus,26905.17,55.07,148158.63,2020,Lampung,8.034344262295082,2940.57,25.883360655737704,27.57,23.72,84.29032786885246
lampung selatan,54761.95,56.91,311668.77,2020,Lampung,7.864699453551912,2878.48,27.417459016393444,28.7,25.75,83.52101092896174
lampung timur,94847.31,48.43,459300.61,2020,Lampung,7.1406284153005455,2613.47,27.014180327868853,28.31,25.22,85.54849726775956
lampung tengah,113890.72,52.6,599111.2,2020,Lampung,7.1406284153005455,2613.47,27.014180327868853,28.31,25.22,85.54849726775956
lampung utara,17133.37,44.21,75751.91,2020,Lampung,7.34551912568306,2688.46,26.49571038251366,27.92,24.14,87.70256830601093
way kanan,17766.75,44.37,78824.55,2020,Lampung,7.447322404371584,2725.72,25.232158469945354,26.71,22.84,88.24125683060109
tulangbawang,55881.56,38.65,215987.34,2020,Lampung,7.304016393442623,2673.27,27.034945355191258,28.42,25.26,86.22860655737705
pesawaran,22068.41,51.3,113206.52,2020,Lampung,8.397295081967213,3073.41,26.332158469945355,27.88,24.15,86.13060109289617
pringsewu,23041.49,56.8,130867.36,2020,Lampung,8.397295081967213,3073.41,26.332158469945355,27.88,24.15,86.13060109289617
mesuji,78479.45,41.48,325509.23,2020,Lampung,7.304016393442623,2673.27,27.034945355191258,28.42,25.26,86.22860655737705
tulang bawang barat,6360.79,47.73,30361.02,2020,Lampung,7.2225956284153,2643.47,27.043907103825134,28.29,25.16,85.93811475409835
pesisir barat,12808.37,47.06,60273.6,2020,Lampung,8.870819672131146,3246.72,27.966502732240436,30.04,26.08,81.00896174863388
bandar lampung,523.07,47.92,2506.64,2020,Lampung,8.397295081967213,3073.41,26.332158469945355,27.88,24.15,86.13060109289617
metro,7280.04,57.24,41669.07,2020,Lampung,7.192540983606557,2632.47,26.094535519125685,27.6,23.67,87.79207650273224
lampung barat,12303.02,49.31,60665.89,2021,Lampung,6.181506849315069,2256.25,24.03276712328767,26.08,21.74,87.18060273972603
tanggamus,22572.24,54.68,123414.48,2021,Lampung,6.308986301369863,2302.78,25.724246575342466,27.41,24.06,83.412
lampung selatan,51178.22,64.54,330325.73,2021,Lampung,7.039890410958904,2569.56,27.237671232876714,28.62,25.33,83.02309589041096
lampung timur,83568.7,47.55,397374.49,2021,Lampung,6.47731506849315,2364.22,26.811150684931505,28.71,24.6,85.0465205479452
lampung tengah,100290.55,48.8,489447.65,2021,Lampung,6.47731506849315,2364.22,26.811150684931505,28.71,24.6,85.0465205479452
lampung utara,16940.92,43.83,74260.22,2021,Lampung,6.650821917808219,2427.55,26.280219178082195,28.02,23.52,87.31791780821918
way kanan,17403.59,47.25,82234.55,2021,Lampung,6.704438356164383,2447.12,25.023123287671233,26.8,22.58,87.99295890410959
tulangbawang,52601.29,44.2,232508.52,2021,Lampung,7.170630136986301,2617.2799999999997,26.77331506849315,28.84,24.18,86.21756164383562
pesawaran,21260.36,53.34,113402.71,2021,Lampung,6.340657534246576,2314.34,26.21958904109589,27.85,24.36,85.05717808219178
pringsewu,21574.65,56.63,122185.57,2021,Lampung,6.340657534246576,2314.34,26.21958904109589,27.85,24.36,85.05717808219178
mesuji,65020.17,51.79,336767.8,2021,Lampung,7.170630136986301,2617.2799999999997,26.77331506849315,28.84,24.18,86.21756164383562
tulang bawang barat,6994.69,48.33,33802.34,2021,Lampung,6.641753424657534,2424.24,26.793780821917807,28.75,24.32,85.73408219178081
pesisir barat,12215.56,51.0,62295.74,2021,Lampung,7.843397260273973,2862.84,27.785315068493148,29.6,26.18,80.6378904109589
bandar lampung,470.07,54.49,2561.57,2021,Lampung,6.340657534246576,2314.34,26.21958904109589,27.85,24.36,85.05717808219178
metro,5179.2,46.74,24205.52,2021,Lampung,6.082465753424657,2220.1,25.962520547945203,28.05,23.44,86.75947945205479
lampung barat,13032.88,48.19,62802.09,2022,Lampung,5.49427397260274,2005.41,23.873342465753424,25.85,22.2,88.1127397260274
tanggamus,22563.4,57.03,128674.92,2022,Lampung,5.6782739726027405,2072.57,25.464684931506852,27.55,23.7,84.72117808219178
lampung selatan,56393.41,60.28,339941.87,2022,Lampung,5.98295890410959,2183.78,27.100520547945205,28.69,25.76,83.76857534246575
lampung timur,91718.06,48.99,449294.9,2022,Lampung,5.502520547945205,2008.42,26.69846575342466,28.42,25.1,85.64443835616439
lampung tengah,101612.69,55.76,566601.47,2022,Lampung,5.502520547945205,2008.42,26.69846575342466,28.42,25.1,85.64443835616439
lampung utara,13705.47,46.3,63452.76,2022,Lampung,5.91358904109589,2158.46,26.247123287671236,28.08,24.51,87.47030136986301
way kanan,21224.06,47.58,100985.27,2022,Lampung,6.086054794520548,2221.41,25.057917808219177,26.64,23.31,87.71068493150685
tulangbawang,65510.84,40.96,268323.74,2022,Lampung,6.541534246575342,2387.66,26.738219178082193,28.7,25.17,86.36246575342466
pesawaran,23359.64,55.89,130558.89,2022,Lampung,5.919616438356164,2160.66,26.035205479452056,27.43,24.54,85.99493150684931
pringsewu,23489.05,58.37,137096.53,2022,Lampung,5.919616438356164,2160.66,26.035205479452056,27.43,24.54,85.99493150684931
mesuji,57654.9,51.5,296934.72,2022,Lampung,6.541534246575342,2387.66,26.738219178082193,28.7,25.17,86.36246575342466
tulang bawang barat,10254.68,49.44,50700.33,2022,Lampung,5.828383561643836,2127.36,26.732849315068492,28.51,25.07,85.99282191780823
pesisir barat,11921.43,50.98,60772.93,2022,Lampung,6.768794520547946,2470.61,27.509123287671233,29.39,25.46,81.57104109589041
bandar lampung,491.63,55.37,2721.97,2022,Lampung,5.919616438356164,2160.66,26.035205479452056,27.43,24.54,85.99493150684931
metro,5323.92,55.03,29297.35,2022,Lampung,5.392849315068493,1968.39,25.8447397260274,27.52,23.88,87.4112602739726
lampung barat,13513.57,52.48,70922.62,2023,Lampung,4.901808219178083,1789.16,24.682246575342468,27.73,22.27,83.63591780821918
tanggamus,25430.89,57.87,147163.03,2023,Lampung,4.808438356164383,1755.08,25.775452054794524,27.84,24.01,82.67057534246575
lampung selatan,52334.35,56.28,294548.78,2023,Lampung,4.857561643835616,1773.01,27.756054794520544,30.34,25.78,79.87106849315069
lampung timur,94070.36,50.57,475668.41,2023,Lampung,4.8120821917808225,1756.41,27.53676712328767,30.77,25.09,81.17112328767124
lampung tengah,108129.91,56.23,608009.47,2023,Lampung,4.8120821917808225,1756.41,27.53676712328767,30.77,25.09,81.17112328767124
lampung utara,17834.92,40.59,72390.72,2023,Lampung,5.08731506849315,1856.87,27.08098630136986,30.7,24.54,83.40805479452054
way kanan,18720.83,45.21,84631.42,2023,Lampung,5.118958904109589,1868.42,25.81964383561644,29.48,23.53,83.90813698630137
tulangbawang,72025.12,44.32,319193.91,2023,Lampung,5.424191780821918,1979.83,27.263424657534244,29.52,25.21,84.6627397260274
pesawaran,23009.98,52.89,121692.61,2023,Lampung,4.72586301369863,1724.94,26.63882191780822,29.38,24.91,82.43008219178083
pringsewu,21752.76,59.14,128637.72,2023,Lampung,4.72586301369863,1724.94,26.63882191780822,29.38,24.91,82.43008219178083
mesuji,56726.11,52.27,296526.82,2023,Lampung,5.424191780821918,1979.83,27.263424657534244,29.52,25.21,84.6627397260274
tulang bawang barat,9942.54,46.22,45954.48,2023,Lampung,5.028876712328767,1835.54,27.441479452054793,30.27,25.25,82.75501369863014
pesisir barat,10860.16,55.36,60121.34,2023,Lampung,6.0021369863013705,2190.78,27.089808219178085,29.78,24.18,83.75413698630136
bandar lampung,477.44,51.19,2444.11,2023,Lampung,4.72586301369863,1724.94,26.63882191780822,29.38,24.91,82.43008219178083
metro,5279.15,56.81,29992.75,2023,Lampung,4.76758904109589,1740.17,26.817397260273975,30.94,24.48,82.21202739726027
lampung barat,13405.25,47.03,63045.97,2024,Lampung,5.658032786885246,2070.84,25.064426229508197,27.34,22.82,84.30002732240438
tanggamus,23943.52,56.39,135017.18,2024,Lampung,5.947732240437158,2176.87,26.5,28.34,24.75,82.17868852459017
lampung selatan,57884.73,54.91,317834.2,2024,Lampung,6.18311475409836,2263.02,28.122213114754096,29.58,26.45,80.8425956284153
lampung timur,93339.53,51.72,482716.29,2024,Lampung,5.767732240437159,2110.9900000000002,27.855218579234972,30.29,26.01,82.15147540983607
lampung tengah,107704.78,57.01,614016.7,2024,Lampung,5.767732240437159,2110.9900000000002,27.855218579234972,30.29,26.01,82.15147540983607
lampung utara,15092.55,41.86,63178.9,2024,Lampung,5.912349726775957,2163.92,27.414043715846997,30.36,24.98,83.88464480874316
way kanan,19986.05,47.89,95711.27,2024,Lampung,6.019016393442623,2202.96,26.096967213114752,29.44,23.7,84.67213114754098
tulangbawang,75344.09,49.79,375139.71,2024,Lampung,6.517513661202186,2385.41,27.66827868852459,29.4,25.85,84.64248633879782
pesawaran,21910.12,52.91,115934.28,2024,Lampung,5.96983606557377,2184.96,27.04808743169399,28.93,25.17,83.29051912568306
pringsewu,22651.01,63.53,143902.58,2024,Lampung,5.96983606557377,2184.96,27.04808743169399,28.93,25.17,83.29051912568306
mesuji,56395.22,48.16,271572.19,2024,Lampung,6.517513661202186,2385.41,27.66827868852459,29.4,25.85,84.64248633879782
tulang bawang barat,7282.52,40.56,29538.83,2024,Lampung,5.985491803278689,2190.69,27.816748633879783,30.24,25.92,83.1129781420765
pesisir barat,11090.78,46.54,51619.38,2024,Lampung,7.660191256830601,2803.63,28.226311475409837,30.01,26.56,81.33598360655738
bandar lampung,530.53,51.2,2716.27,2024,Lampung,5.96983606557377,2184.96,27.04808743169399,28.93,25.17,83.29051912568306
metro,5154.43,57.05,29403.78,2024,Lampung,5.5371311475409835,2026.59,27.08573770491803,30.27,24.39,83.40677595628415
lampung barat,11638.0,51.36,59774.0,2025,Lampung,6.889260273972602,2514.58,24.08895890410959,25.5,22.62,88.33101369863013
tanggamus,25801.0,57.15,147440.0,2025,Lampung,7.124082191780822,2600.29,25.751452054794523,27.29,24.16,84.8313698630137
lampung selatan,76006.0,60.63,460853.0,2025,Lampung,7.310657534246575,2668.39,27.410876712328765,28.77,25.94,83.7486301369863
lampung timur,98026.0,53.68,526198.0,2025,Lampung,6.889753424657535,2514.76,26.962904109589044,28.32,25.46,85.70482191780822
lampung tengah,121929.0,56.98,694734.0,2025,Lampung,6.889753424657535,2514.76,26.962904109589044,28.32,25.46,85.70482191780822
lampung utara,23689.0,45.28,107276.0,2025,Lampung,7.178739726027397,2620.24,26.46482191780822,27.98,25.02,87.65386301369863
way kanan,25712.0,46.34,119142.0,2025,Lampung,7.297424657534246,2663.56,25.238383561643836,26.73,23.39,87.97134246575342
tulangbawang,75524.0,50.74,383194.0,2025,Lampung,7.384684931506849,2695.41,26.967397260273973,28.37,25.47,86.39736986301371
pesawaran,30348.0,51.85,157354.0,2025,Lampung,7.098219178082192,2590.85,26.31668493150685,27.67,24.77,86.18627397260275
pringsewu,24882.0,62.21,154782.0,2025,Lampung,7.098219178082192,2590.85,26.31668493150685,27.67,24.77,86.18627397260275
mesuji,51901.0,54.44,282558.0,2025,Lampung,7.384684931506849,2695.41,26.967397260273973,28.37,25.47,86.39736986301371
tulang bawang barat,11561.0,46.38,53623.0,2025,Lampung,7.058027397260274,2576.18,26.972328767123287,28.28,25.46,86.05961643835616
pesisir barat,13582.0,53.02,72007.0,2025,Lampung,8.758520547945206,3196.86,27.793479452054797,29.68,25.83,81.79358904109588
bandar lampung,630.0,53.43,3365.0,2025,Lampung,7.098219178082192,2590.85,26.31668493150685,27.67,24.77,86.18627397260275
metro,4786.0,63.37,30328.0,2025,Lampung,6.748301369863014,2463.13,26.06578082191781,27.45,24.5,87.73643835616438
kepulauan tanimbar,70.6,27.45,193.77,2018,Maluku,4.8583561643835615,1773.3,27.596383561643837,30.56,24.92,78.89969863013698
maluku tenggara,0.28,21.07,0.59,2018,Maluku,5.428246575342466,1981.31,27.84408219178082,30.33,25.83,80.19460273972602
maluku barat daya,0.62,40.16,2.49,2018,Maluku,3.3917260273972603,1237.98,27.926986301369865,30.24,25.7,79.2301095890411
kepulauan tanimbar,59.86,28.06,167.98,2019,Maluku,3.7785205479452055,1379.16,27.343945205479454,30.9,24.37,78.73717808219178
maluku tenggara,0.19,17.37,0.33,2019,Maluku,3.6786027397260277,1342.69,27.567452054794522,30.07,24.89,80.80745205479452
maluku barat daya,0.25,17.2,0.43,2019,Maluku,2.6906575342465753,982.09,27.477753424657532,30.75,24.98,79.6501095890411
kepulauan tanimbar,141.79,12.32,174.64,2020,Maluku,3.7815300546448087,1384.04,27.920437158469944,30.41,25.31,78.69852459016393
maluku tenggara,4.59,18.15,8.33,2020,Maluku,5.210765027322404,1907.14,28.06087431693989,29.79,25.7,81.07841530054645
maluku barat daya,0.12,18.33,0.22,2020,Maluku,2.6760109289617486,979.42,28.059426229508198,29.63,25.69,80.11366120218578
kepulauan tanimbar,103.69,38.62,400.47,2021,Maluku,4.916109589041096,1794.38,27.93205479452055,30.27,25.89,79.812
maluku tenggara,2.48,33.39,8.28,2021,Maluku,6.503506849315069,2373.78,28.15115068493151,29.8,26.74,81.13402739726027
maluku barat daya,0.17,33.53,0.57,2021,Maluku,3.9293698630136986,1434.22,28.168,30.22,26.47,80.02150684931506
kepulauan tanimbar,138.09,21.25,293.5,2022,Maluku,5.053315068493151,1844.46,27.956219178082193,30.46,24.56,79.65575342465753
tual,0.22,24.09,0.53,2022,Maluku,6.241095890410959,2278.0,28.23994520547945,30.35,26.07,80.03717808219179
kepulauan tanimbar,221.08,38.97,861.53,2023,Maluku,4.161506849315068,1518.95,27.585260273972604,31.0,24.09,79.48616438356164
tual,0.11,39.09,0.43,2023,Maluku,4.735698630136986,1728.53,27.878301369863014,30.3,25.58,80.71868493150684
kepulauan tanimbar,537.17,15.54,834.99,2024,Maluku,3.985,1458.51,28.104071038251366,30.83,24.32,79.81535519125684
kepulauan tanimbar,525.0,16.13,847.0,2025,Maluku,6.723561643835616,2454.1,27.65591780821918,30.14,24.84,81.38057534246575
kepulauan sula,55.68,32.88,183.1,2018,Maluku Utara,4.045342465753425,1476.55,27.807506849315068,29.79,25.93,79.53046575342465
pulau taliabu,16.76,38.62,64.73,2018,Maluku Utara,4.467315068493151,1630.57,27.753945205479454,29.69,26.0,78.96786301369863
tidore kepulauan,165.72,37.13,615.26,2018,Maluku Utara,5.472794520547945,1997.57,27.186465753424656,29.01,25.82,81.2626301369863
halmahera tengah,225.19,40.29,907.28,2019,Maluku Utara,4.284082191780822,1563.69,26.958712328767124,29.8,24.67,79.5369589041096
kepulauan sula,59.19,23.64,139.94,2019,Maluku Utara,2.7133972602739727,990.39,27.68145205479452,30.29,25.88,79.52342465753425
tidore kepulauan,50.76,27.25,138.34,2019,Maluku Utara,4.192958904109589,1530.43,27.346219178082194,29.6,25.71,79.61816438356165
halmahera tengah,181.41,38.18,692.6,2020,Maluku Utara,6.125846994535519,2242.06,27.167404371584702,30.13,25.15,79.3257650273224
kepulauan sula,21.93,33.21,72.84,2020,Maluku Utara,4.597704918032787,1682.76,27.97565573770492,29.26,25.96,79.9848087431694
tidore kepulauan,28.26,37.82,106.87,2020,Maluku Utara,6.806338797814207,2491.12,27.604890710382513,29.46,25.86,79.30352459016393
kepulauan sula,17.82,28.77,51.27,2021,Maluku Utara,6.303890410958904,2300.92,27.814794520547945,29.23,25.99,80.96405479452055
halmahera selatan,224.97,39.37,885.6,2021,Maluku Utara,6.918027397260274,2525.08,27.178712328767123,28.89,25.5,81.49057534246576
halmahera barat,59.2,38.21,226.18,2022,Maluku Utara,7.958054794520548,2904.69,27.073287671232876,28.56,25.23,81.84717808219179
halmahera tengah,31.29,33.07,103.47,2022,Maluku Utara,7.211178082191781,2632.08,26.665808219178082,28.25,24.63,82.12928767123287
kepulauan sula,4.19,39.69,16.63,2022,Maluku Utara,6.515315068493151,2378.09,27.913753424657536,29.47,25.72,80.29813698630137
halmahera selatan,38.89,31.34,121.88,2022,Maluku Utara,6.989150684931507,2551.04,27.29076712328767,29.32,25.27,80.7376712328767
halmahera barat,121.44,30.89,375.09,2023,Maluku Utara,4.915287671232877,1794.08,27.294575342465755,29.48,25.35,82.07427397260274
halmahera tengah,173.89,38.26,665.28,2023,Maluku Utara,5.38813698630137,1966.67,26.995205479452054,29.68,24.94,81.46679452054795
kepulauan sula,4.11,32.55,13.38,2023,Maluku Utara,3.7506575342465753,1368.99,28.06287671232877,30.61,26.32,79.344301369863
halmahera selatan,121.77,32.31,393.42,2023,Maluku Utara,4.859643835616438,1773.77,27.55227397260274,30.15,25.52,79.83819178082192
tidore kepulauan,9.42,31.78,29.94,2023,Maluku Utara,5.374520547945205,1961.7,27.492602739726024,29.61,25.63,80.9007397260274
halmahera barat,142.2,32.58,463.26,2024,Maluku Utara,6.801147540983606,2489.22,27.55363387978142,29.25,25.77,81.98967213114754
kepulauan sula,49.01,34.91,171.13,2024,Maluku Utara,4.5147540983606556,1652.4,28.18005464480874,29.76,26.2,81.27644808743169
halmahera selatan,62.9,29.72,186.91,2024,Maluku Utara,6.33587431693989,2318.93,27.74997267759563,29.45,25.73,81.04475409836066
tidore kepulauan,0.85,36.48,3.09,2024,Maluku Utara,7.417677595628415,2714.87,27.763497267759565,29.56,25.92,81.05352459016393
halmahera barat,51.0,29.16,150.0,2025,Maluku Utara,7.496109589041096,2736.08,27.113643835616436,28.78,25.14,82.85509589041096
kepulauan sula,21.0,36.59,77.0,2025,Maluku Utara,6.65476712328767,2428.99,27.814328767123286,29.14,25.65,81.53712328767124
halmahera selatan,77.0,35.21,271.0,2025,Maluku Utara,8.054958904109588,2940.06,27.221369863013695,29.0,25.28,82.22624657534247
tidore kepulauan,18.0,46.0,81.0,2025,Maluku Utara,8.713698630136987,3180.5,27.258794520547944,28.82,25.4,82.19312328767124
lombok barat,22249.51,52.2,116147.72,2018,Nusa Tenggara Barat,3.5225205479452057,1285.72,26.42454794520548,28.52,23.62,79.64753424657533
lombok tengah,74447.59,51.24,381436.43,2018,Nusa Tenggara Barat,3.5225205479452057,1285.72,26.42454794520548,28.52,23.62,79.64753424657533
lombok timur,48146.39,52.63,253392.28,2018,Nusa Tenggara Barat,3.5225205479452057,1285.72,26.42454794520548,28.52,23.62,79.64753424657533
sumbawa,56302.94,50.91,286642.0,2018,Nusa Tenggara Barat,3.289835616438356,1200.79,26.255616438356164,29.55,23.59,79.20353424657534
dompu,21165.96,47.62,100787.38,2018,Nusa Tenggara Barat,3.251178082191781,1186.68,27.07123287671233,30.43,24.65,73.66460273972604
bima,43300.52,47.66,206371.98,2018,Nusa Tenggara Barat,3.251178082191781,2373.36,27.07123287671233,30.43,24.65,73.66460273972604
sumbawa barat,12474.35,45.21,56400.51,2018,Nusa Tenggara Barat,3.6400821917808224,1328.63,26.118438356164383,28.57,22.87,81.7428493150685
lombok utara,5842.75,49.87,29140.12,2018,Nusa Tenggara Barat,3.5225205479452057,1285.72,26.42454794520548,28.52,23.62,79.64753424657533
mataram,2426.49,66.86,16224.24,2018,Nusa Tenggara Barat,3.5225205479452057,1285.72,26.42454794520548,28.52,23.62,79.64753424657533
bima,2886.09,47.8,13796.15,2018,Nusa Tenggara Barat,3.251178082191781,2373.36,27.07123287671233,30.43,24.65,73.66460273972604
lombok barat,24270.51,47.96,116409.68,2019,Nusa Tenggara Barat,3.018328767123288,1101.69,26.774383561643834,30.09,24.01,77.35142465753425
lombok tengah,71942.57,49.33,354915.09,2019,Nusa Tenggara Barat,3.018328767123288,1101.69,26.774383561643834,30.09,24.01,77.35142465753425
lombok timur,46834.06,55.59,260367.37,2019,Nusa Tenggara Barat,3.018328767123288,1101.69,26.774383561643834,30.09,24.01,77.35142465753425
sumbawa,58110.22,47.68,277059.24,2019,Nusa Tenggara Barat,3.3822739726027398,1234.53,26.546000000000003,31.08,23.11,77.2402191780822
dompu,18824.53,49.1,92429.31,2019,Nusa Tenggara Barat,2.635780821917808,962.06,27.24441095890411,31.31,24.45,71.77813698630138
bima,39868.54,45.64,181943.26,2019,Nusa Tenggara Barat,2.635780821917808,1924.12,27.24441095890411,31.31,24.45,71.77813698630138
sumbawa barat,11999.96,52.74,63282.3,2019,Nusa Tenggara Barat,3.52441095890411,1286.41,26.331643835616436,29.66,23.02,80.39471232876713
lombok utara,4566.69,59.5,27170.41,2019,Nusa Tenggara Barat,3.018328767123288,1101.69,26.774383561643834,30.09,24.01,77.35142465753425
mataram,2465.79,63.5,15658.14,2019,Nusa Tenggara Barat,3.018328767123288,1101.69,26.774383561643834,30.09,24.01,77.35142465753425
bima,2783.17,46.52,12947.59,2019,Nusa Tenggara Barat,2.635780821917808,1924.12,27.24441095890411,31.31,24.45,71.77813698630138
lombok barat,25480.19,50.04,127506.26,2020,Nusa Tenggara Barat,4.182131147540984,1530.66,27.152349726775956,29.11,24.87,78.1713387978142
lombok tengah,72405.33,43.96,318321.85,2020,Nusa Tenggara Barat,4.182131147540984,1530.66,27.152349726775956,29.11,24.87,78.1713387978142
lombok timur,45790.71,50.73,232315.51,2020,Nusa Tenggara Barat,4.182131147540984,1530.66,27.152349726775956,29.11,24.87,78.1713387978142
sumbawa,51727.84,51.36,265688.51,2020,Nusa Tenggara Barat,3.945327868852459,1443.99,26.863142076502733,29.76,24.54,78.24150273224043
dompu,18146.74,46.26,83951.02,2020,Nusa Tenggara Barat,3.3951912568306013,1242.64,27.495956284153007,30.15,25.58,73.78647540983606
bima,38049.33,45.4,172742.72,2020,Nusa Tenggara Barat,3.3951912568306013,2485.28,27.495956284153007,30.15,25.58,73.78647540983606
sumbawa barat,11829.87,49.97,59112.05,2020,Nusa Tenggara Barat,4.087267759562842,1495.94,26.858469945355193,28.92,24.08,80.48601092896175
lombok utara,4719.53,56.99,26896.35,2020,Nusa Tenggara Barat,4.182131147540984,1530.66,27.152349726775956,29.11,24.87,78.1713387978142
mataram,2482.77,67.75,16821.08,2020,Nusa Tenggara Barat,4.182131147540984,1530.66,27.152349726775956,29.11,24.87,78.1713387978142
bima,2828.51,48.91,13834.46,2020,Nusa Tenggara Barat,3.3951912568306013,2485.28,27.495956284153007,30.15,25.58,73.78647540983606
lombok barat,25412.89,49.6,126048.6,2021,Nusa Tenggara Barat,5.4018356164383565,1971.67,26.448849315068493,28.38,24.39,81.91038356164384
lombok tengah,71897.08,49.78,357912.91,2021,Nusa Tenggara Barat,5.4018356164383565,1971.67,26.448849315068493,28.38,24.39,81.91038356164384
lombok timur,45172.64,55.39,250214.48,2021,Nusa Tenggara Barat,5.4018356164383565,1971.67,26.448849315068493,28.38,24.39,81.91038356164384
sumbawa,55839.8,51.48,287481.06,2021,Nusa Tenggara Barat,5.060027397260274,1846.91,26.187479452054795,29.03,23.97,82.05057534246575
dompu,17986.33,50.63,91061.62,2021,Nusa Tenggara Barat,4.556,1662.94,27.023013698630137,29.49,25.01,76.16668493150685
bima,36989.81,48.91,180923.05,2021,Nusa Tenggara Barat,4.556,3325.88,27.023013698630137,29.49,25.01,76.16668493150685
sumbawa barat,12632.66,53.37,67423.01,2021,Nusa Tenggara Barat,4.870328767123288,1777.67,26.337342465753423,28.49,24.17,83.0947397260274
lombok utara,5341.13,56.7,30281.81,2021,Nusa Tenggara Barat,5.4018356164383565,1971.67,26.448849315068493,28.38,24.39,81.91038356164384
mataram,2623.13,63.47,16649.53,2021,Nusa Tenggara Barat,5.4018356164383565,1971.67,26.448849315068493,28.38,24.39,81.91038356164384
bima,2316.41,49.92,11563.77,2021,Nusa Tenggara Barat,4.556,3325.88,27.023013698630137,29.49,25.01,76.16668493150685
lombok barat,26862.66,50.28,135065.47,2022,Nusa Tenggara Barat,5.093534246575342,1859.14,26.521890410958903,28.6,23.71,82.22791780821917
lombok tengah,70264.03,53.12,373219.71,2022,Nusa Tenggara Barat,5.093534246575342,1859.14,26.521890410958903,28.6,23.71,82.22791780821917
lombok timur,42712.9,56.61,241781.21,2022,Nusa Tenggara Barat,5.093534246575342,1859.14,26.521890410958903,28.6,23.71,82.22791780821917
sumbawa,55173.06,55.9,308399.03,2022,Nusa Tenggara Barat,4.299616438356164,1569.36,26.280383561643838,28.53,23.28,82.07438356164384
dompu,16206.83,51.65,83706.14,2022,Nusa Tenggara Barat,3.6913972602739724,1347.36,26.984301369863015,29.39,24.69,77.14416438356164
bima,35364.79,51.83,183284.54,2022,Nusa Tenggara Barat,3.6913972602739724,2694.72,26.984301369863015,29.39,24.69,77.14416438356164
sumbawa barat,12951.23,52.45,67935.12,2022,Nusa Tenggara Barat,5.226328767123288,1907.6100000000001,26.43183561643836,28.35,23.32,83.1681095890411
lombok utara,5673.62,56.55,32085.7,2022,Nusa Tenggara Barat,5.093534246575342,1859.14,26.521890410958903,28.6,23.71,82.22791780821917
mataram,2556.73,64.79,16565.06,2022,Nusa Tenggara Barat,5.093534246575342,1859.14,26.521890410958903,28.6,23.71,82.22791780821917
bima,2327.03,46.86,10903.49,2022,Nusa Tenggara Barat,3.6913972602739724,2694.72,26.984301369863015,29.39,24.69,77.14416438356164
lombok barat,26302.61,52.22,137357.94,2023,Nusa Tenggara Barat,3.318986301369863,1211.43,26.693342465753425,29.66,24.35,80.0754794520548
lombok tengah,72413.84,52.59,380811.93,2023,Nusa Tenggara Barat,3.318986301369863,1211.43,26.693342465753425,29.66,24.35,80.0754794520548
lombok timur,44699.88,55.76,249268.61,2023,Nusa Tenggara Barat,3.318986301369863,1211.43,26.693342465753425,29.66,24.35,80.0754794520548
sumbawa,56579.25,56.8,321374.08,2023,Nusa Tenggara Barat,3.04186301369863,1110.28,26.611835616438356,30.93,24.03,78.84783561643836
dompu,18977.98,49.73,94379.13,2023,Nusa Tenggara Barat,2.722246575342466,993.62,27.393150684931506,30.84,24.86,73.18769863013698
bima,44474.36,49.91,221993.37,2023,Nusa Tenggara Barat,2.722246575342466,1987.24,27.393150684931506,30.84,24.86,73.18769863013698
sumbawa barat,13657.08,51.89,70871.26,2023,Nusa Tenggara Barat,3.628027397260274,1324.23,26.300356164383558,29.26,23.58,82.79975342465754
lombok utara,5337.05,61.74,32950.1,2023,Nusa Tenggara Barat,3.318986301369863,1211.43,26.693342465753425,29.66,24.35,80.0754794520548
mataram,2548.21,64.19,16358.12,2023,Nusa Tenggara Barat,3.318986301369863,1211.43,26.693342465753425,29.66,24.35,80.0754794520548
bima,2521.88,52.23,13172.38,2023,Nusa Tenggara Barat,2.722246575342466,1987.24,27.393150684931506,30.84,24.86,73.18769863013698
lombok barat,24859.51,49.42,122867.01,2024,Nusa Tenggara Barat,4.306502732240437,1576.18,27.481338797814207,29.55,25.11,78.93734972677595
lombok tengah,70777.87,50.51,357504.03,2024,Nusa Tenggara Barat,4.306502732240437,1576.18,27.481338797814207,29.55,25.11,78.93734972677595
lombok timur,47390.38,53.66,254291.36,2024,Nusa Tenggara Barat,4.306502732240437,1576.18,27.481338797814207,29.55,25.11,78.93734972677595
sumbawa,53470.91,55.32,295810.3,2024,Nusa Tenggara Barat,3.7730601092896174,1380.94,27.31743169398907,30.22,24.8,78.41879781420765
dompu,21724.89,46.78,101624.93,2024,Nusa Tenggara Barat,3.195218579234973,1169.45,27.909699453551916,30.81,25.64,73.91234972677596
bima,42201.82,48.5,204686.33,2024,Nusa Tenggara Barat,3.195218579234973,2338.9,27.909699453551916,30.81,25.64,73.91234972677596
sumbawa barat,10544.63,48.99,51657.0,2024,Nusa Tenggara Barat,4.214207650273225,1542.4,27.16412568306011,29.4,24.41,81.38437158469945
lombok utara,6070.36,60.78,36896.75,2024,Nusa Tenggara Barat,4.306502732240437,1576.18,27.481338797814207,29.55,25.11,78.93734972677595
mataram,2338.93,66.14,15468.88,2024,Nusa Tenggara Barat,4.306502732240437,1576.18,27.481338797814207,29.55,25.11,78.93734972677595
bima,2338.53,53.89,12601.78,2024,Nusa Tenggara Barat,3.195218579234973,2338.9,27.909699453551916,30.81,25.64,73.91234972677596
lombok barat,25434.0,54.29,138068.0,2025,Nusa Tenggara Barat,5.321287671232876,1942.27,26.621260273972602,28.71,23.85,82.68224657534246
lombok tengah,78912.0,53.8,424529.0,2025,Nusa Tenggara Barat,5.321287671232876,1942.27,26.621260273972602,28.71,23.85,82.68224657534246
lombok timur,45202.0,53.34,241115.0,2025,Nusa Tenggara Barat,5.321287671232876,1942.27,26.621260273972602,28.71,23.85,82.68224657534246
sumbawa,74729.0,54.03,403771.0,2025,Nusa Tenggara Barat,4.765753424657534,1739.5,26.33221917808219,28.94,23.47,82.7785205479452
dompu,30417.0,50.66,154101.0,2025,Nusa Tenggara Barat,3.7328493150684934,1362.49,27.142547945205482,29.86,25.01,76.99471232876712
bima,42833.0,48.12,206122.0,2025,Nusa Tenggara Barat,3.7328493150684934,2724.98,27.142547945205482,29.86,25.01,76.99471232876712
sumbawa barat,14541.0,52.7,76626.0,2025,Nusa Tenggara Barat,5.1432602739726025,1877.29,26.523589041095892,28.33,23.53,83.8006301369863
lombok utara,5529.0,60.75,33588.0,2025,Nusa Tenggara Barat,5.321287671232876,1942.27,26.621260273972602,28.71,23.85,82.68224657534246
mataram,2746.0,62.65,17205.0,2025,Nusa Tenggara Barat,5.321287671232876,1942.27,26.621260273972602,28.71,23.85,82.68224657534246
bima,2552.0,52.87,13494.0,2025,Nusa Tenggara Barat,3.7328493150684934,2724.98,27.142547945205482,29.86,25.01,76.99471232876712
kupang,229.55,41.95,962.89,2021,Nusa Tenggara Timur,6.147945205479452,4488.0,27.14904109589041,29.66,25.07,74.88630136986302
lembata,220.15,34.73,764.66,2021,Nusa Tenggara Timur,5.221726027397261,1905.93,28.164849315068494,30.09,26.83,74.83243835616439
lembata,45.54,44.16,201.09,2022,Nusa Tenggara Timur,4.126493150684932,1506.17,28.179726027397262,29.98,25.96,75.07487671232877
lembata,280.64,29.69,833.23,2023,Nusa Tenggara Timur,3.453260273972603,1260.44,28.026520547945207,30.45,25.71,74.35180821917808
lembata,256.13,29.34,751.6,2024,Nusa Tenggara Timur,3.690546448087432,1350.74,28.470437158469945,30.92,25.8,75.32448087431693
raja ampat,215.86,41.73,900.84,2023,Papua Barat Daya,5.168328767123288,1886.44,27.869095890410957,29.63,25.85,80.83860273972603
sorong selatan,50.72,41.97,212.89,2023,Papua Barat Daya,7.079561643835616,2584.04,27.760520547945205,29.19,25.8,82.128
raja ampat,181.79,28.75,522.65,2024,Papua Barat Daya,8.361994535519125,3060.49,27.984043715846994,29.42,26.61,82.35352459016393
sorong,131.36,26.37,346.39,2024,Papua Barat Daya,10.895546448087432,7975.54,27.90950819672131,29.67,25.69,83.06945355191256
sorong selatan,50.72,23.58,119.6,2024,Papua Barat Daya,7.920601092896175,2898.94,28.146803278688523,29.6,25.99,82.68549180327868
raja ampat,171.0,26.32,451.0,2025,Papua Barat Daya,8.648602739726027,3156.74,27.741835616438358,29.15,26.23,81.7993698630137
sorong,137.0,27.23,374.0,2025,Papua Barat Daya,10.403260273972602,7594.38,27.66482191780822,29.42,25.75,82.22232876712329
sorong selatan,2.0,29.43,6.0,2025,Papua Barat Daya,8.259753424657534,3014.81,27.87980821917808,29.31,26.09,81.93608219178081
boven digoel,6.48,39.31,25.46,2024,Papua Selatan,12.362349726775957,4524.62,25.50295081967213,27.29,22.06,92.02489071038252
mappi,6.0,43.94,27.0,2025,Papua Selatan,11.910602739726027,4347.37,26.12276712328767,27.57,24.09,93.09197260273973
pekanbaru,0.35,38.0,1.33,2019,Riau,5.731890410958904,2092.14,26.47158904109589,28.22,24.7,89.53249315068493
pekanbaru,5.09,41.11,20.93,2024,Riau,8.376366120218579,3065.75,26.793005464480874,28.16,25.05,90.92923497267759
pekanbaru,1.0,26.32,2.0,2025,Riau,8.494986301369863,3100.67,26.107068493150685,27.48,23.88,90.5627397260274
kepulauan selayar,17.52,46.47,81.42,2018,Sulawesi Selatan,4.793150684931507,1749.5,28.013808219178085,30.63,26.35,78.15465753424658
bulukumba,47987.8,50.62,242937.03,2018,Sulawesi Selatan,5.349972602739726,1952.74,25.932164383561645,28.56,24.15,80.55780821917809
bantaeng,12392.91,50.78,62932.87,2018,Sulawesi Selatan,5.349972602739726,1952.74,25.932164383561645,28.56,24.15,80.55780821917809
jeneponto,42447.21,55.78,236789.59,2018,Sulawesi Selatan,5.349972602739726,1952.74,25.932164383561645,28.56,24.15,80.55780821917809
takalar,30226.18,42.45,128311.0,2018,Sulawesi Selatan,5.911616438356165,2157.7400000000002,27.53495890410959,29.81,25.83,78.6358904109589
gowa,52603.06,50.94,267950.2,2018,Sulawesi Selatan,5.264712328767123,1921.62,27.535041095890413,29.76,25.51,78.01205479452055
sinjai,25764.03,49.22,126822.5,2018,Sulawesi Selatan,5.7614246575342465,2102.92,25.296191780821918,29.29,23.11,81.46950684931507
maros,48000.35,46.36,222528.31,2018,Sulawesi Selatan,5.264712328767123,1921.62,27.535041095890413,29.76,25.51,78.01205479452055
pangkajene kepulauan,30953.28,43.97,136099.7,2018,Sulawesi Selatan,5.264712328767123,1921.62,27.535041095890413,29.76,25.51,78.01205479452055
barru,25973.9,53.79,139711.18,2018,Sulawesi Selatan,4.201095890410959,1533.4,27.670849315068494,29.5,25.83,78.15682191780823
bone,214418.39,48.1,1031267.53,2018,Sulawesi Selatan,3.9443835616438356,1439.7,28.317917808219182,30.0,26.35,77.55068493150685
soppeng,55781.87,53.36,297678.07,2018,Sulawesi Selatan,5.804630136986302,2118.69,26.39506849315069,30.33,24.07,80.45101369863013
wajo,191196.29,46.05,880519.16,2018,Sulawesi Selatan,4.542739726027397,1658.1,26.98041095890411,30.24,24.41,79.62402739726028
sidenreng rappang,91997.15,58.27,536049.61,2018,Sulawesi Selatan,4.542739726027397,1658.1,26.98041095890411,30.24,24.41,79.62402739726028
pinrang,101253.19,59.58,603283.52,2018,Sulawesi Selatan,4.457095890410959,1626.84,27.696246575342464,29.38,26.14,79.60408219178083
enrekang,10902.01,52.21,56920.58,2018,Sulawesi Selatan,6.808109589041096,2484.96,22.879095890410962,25.53,20.63,86.00479452054795
luwu,60571.97,48.98,296664.27,2018,Sulawesi Selatan,7.378109589041095,2693.0099999999998,22.028191780821917,23.84,19.84,86.73879452054794
tana toraja,21124.49,43.77,92463.56,2018,Sulawesi Selatan,7.378109589041095,2693.0099999999998,22.028191780821917,23.84,19.84,86.73879452054794
luwu utara,41900.76,47.6,199468.24,2018,Sulawesi Selatan,7.455287671232877,2721.18,23.37912328767123,24.98,21.26,86.54235616438356
luwu timur,46431.3,53.29,247410.62,2018,Sulawesi Selatan,6.707506849315068,2448.24,24.40904109589041,26.1,21.87,86.85950684931507
toraja utara,26231.43,40.25,105582.74,2018,Sulawesi Selatan,7.378109589041095,2693.0099999999998,22.028191780821917,23.84,19.84,86.73879452054794
makassar,2851.31,48.18,13738.18,2018,Sulawesi Selatan,5.264712328767123,1921.62,27.535041095890413,29.76,25.51,78.01205479452055
parepare,1093.94,57.55,6296.13,2018,Sulawesi Selatan,4.457095890410959,1626.84,27.696246575342464,29.38,26.14,79.60408219178083
palopo,3363.76,62.76,21110.44,2018,Sulawesi Selatan,7.378109589041095,2693.0099999999998,22.028191780821917,23.84,19.84,86.73879452054794
kepulauan selayar,68.91,39.16,269.82,2019,Sulawesi Selatan,3.514931506849315,1282.95,27.867753424657533,30.71,25.73,77.60756164383561
bulukumba,43910.49,46.28,203200.06,2019,Sulawesi Selatan,3.6673698630136986,1338.59,26.032383561643833,30.17,23.61,78.57627397260273
bantaeng,10701.08,49.61,53088.49,2019,Sulawesi Selatan,3.6673698630136986,1338.59,26.032383561643833,30.17,23.61,78.57627397260273
jeneponto,31999.88,47.14,150859.45,2019,Sulawesi Selatan,3.6673698630136986,1338.59,26.032383561643833,30.17,23.61,78.57627397260273
takalar,26079.95,43.4,113189.97,2019,Sulawesi Selatan,4.02558904109589,1469.34,27.546109589041095,30.71,25.53,77.26279452054794
gowa,51119.43,49.1,250984.77,2019,Sulawesi Selatan,3.6855342465753425,1345.22,27.639890410958902,30.68,25.76,76.24309589041096
sinjai,26677.75,43.99,117351.71,2019,Sulawesi Selatan,3.9046027397260277,1425.18,25.61884931506849,30.61,22.8,78.20698630136987
maros,43633.05,46.99,205038.16,2019,Sulawesi Selatan,3.6855342465753425,1345.22,27.639890410958902,30.68,25.76,76.24309589041096
pangkajene kepulauan,26183.26,46.18,120903.74,2019,Sulawesi Selatan,3.6855342465753425,1345.22,27.639890410958902,30.68,25.76,76.24309589041096
barru,22257.86,58.32,129810.28,2019,Sulawesi Selatan,2.905780821917808,1060.61,27.696219178082195,30.22,26.13,77.03917808219178
bone,169471.29,45.61,772874.27,2019,Sulawesi Selatan,2.6730410958904107,975.66,28.224931506849316,30.36,26.31,77.11213698630137
soppeng,49564.69,53.92,267271.03,2019,Sulawesi Selatan,4.10868493150685,1499.67,26.701616438356165,31.47,23.99,77.48323287671234
wajo,127870.39,48.46,619691.68,2019,Sulawesi Selatan,3.4693972602739724,1266.33,27.362794520547947,31.54,24.3,76.50380821917808
sidenreng rappang,93080.02,55.33,515011.95,2019,Sulawesi Selatan,3.4693972602739724,1266.33,27.362794520547947,31.54,24.3,76.50380821917808
pinrang,97975.29,60.17,589515.24,2019,Sulawesi Selatan,3.0456712328767126,1111.67,27.75630136986301,29.89,25.63,78.49701369863014
enrekang,9105.53,45.9,41793.29,2019,Sulawesi Selatan,6.848657534246576,2499.76,23.033397260273976,25.8,20.16,85.09849315068493
luwu,56441.43,54.9,309844.13,2019,Sulawesi Selatan,7.855561643835617,2867.28,22.159150684931507,24.12,19.23,86.18446575342466
tana toraja,13461.03,43.88,59068.84,2019,Sulawesi Selatan,7.855561643835617,2867.28,22.159150684931507,24.12,19.23,86.18446575342466
luwu utara,39642.95,46.09,182731.65,2019,Sulawesi Selatan,8.176465753424656,2984.41,23.470328767123288,25.18,21.08,86.10536986301369
luwu timur,43035.24,50.78,218545.13,2019,Sulawesi Selatan,7.148794520547945,2609.31,24.494684931506846,26.77,21.87,86.40901369863013
toraja utara,21165.26,45.3,95885.26,2019,Sulawesi Selatan,7.855561643835617,2867.28,22.159150684931507,24.12,19.23,86.18446575342466
makassar,2450.25,47.89,11734.98,2019,Sulawesi Selatan,3.6855342465753425,1345.22,27.639890410958902,30.68,25.76,76.24309589041096
parepare,1132.25,46.06,5214.74,2019,Sulawesi Selatan,3.0456712328767126,1111.67,27.75630136986301,29.89,25.63,78.49701369863014
palopo,3161.47,64.17,20288.32,2019,Sulawesi Selatan,7.855561643835617,2867.28,22.159150684931507,24.12,19.23,86.18446575342466
kepulauan selayar,1610.4,46.43,7477.68,2020,Sulawesi Selatan,5.44568306010929,1993.1200000000001,28.230928961748635,29.74,26.52,78.72363387978142
bulukumba,43239.95,43.09,186319.88,2020,Sulawesi Selatan,6.077103825136612,2224.22,26.102158469945355,27.71,24.22,81.86704918032787
bantaeng,10253.13,51.35,52651.95,2020,Sulawesi Selatan,6.077103825136612,2224.22,26.102158469945355,27.71,24.22,81.86704918032787
jeneponto,25754.54,45.32,116723.65,2020,Sulawesi Selatan,6.077103825136612,2224.22,26.102158469945355,27.71,24.22,81.86704918032787
takalar,27671.69,38.61,106837.31,2020,Sulawesi Selatan,6.790901639344262,2485.47,27.748415300546448,29.59,26.1,79.37407103825137
gowa,52268.34,47.77,249681.09,2020,Sulawesi Selatan,6.094098360655738,2230.44,27.700273224043713,29.5,25.94,79.00122950819673
sinjai,21314.62,44.34,94516.76,2020,Sulawesi Selatan,6.561256830601093,2401.42,25.3803825136612,27.37,23.27,83.56024590163935
maros,44215.37,44.14,195176.31,2020,Sulawesi Selatan,6.094098360655738,2230.44,27.700273224043713,29.5,25.94,79.00122950819673
pangkajene kepulauan,26202.13,49.54,129809.55,2020,Sulawesi Selatan,6.094098360655738,2230.44,27.700273224043713,29.5,25.94,79.00122950819673
barru,22175.78,61.0,135272.5,2020,Sulawesi Selatan,4.746994535519126,1737.4,27.86363387978142,29.38,26.25,78.78147540983606
bone,164096.42,47.01,771447.21,2020,Sulawesi Selatan,4.849781420765027,1775.02,28.578032786885245,30.2,26.89,77.68967213114755
soppeng,48561.81,56.71,275381.94,2020,Sulawesi Selatan,6.807486338797814,2491.54,26.47103825136612,28.73,24.46,82.47357923497269
wajo,130306.95,43.73,569842.94,2020,Sulawesi Selatan,6.221147540983607,2276.94,27.072732240437162,29.74,24.72,81.64994535519126
sidenreng rappang,88925.58,49.91,443799.14,2020,Sulawesi Selatan,6.221147540983607,2276.94,27.072732240437162,29.74,24.72,81.64994535519126
pinrang,92631.3,55.8,516868.64,2020,Sulawesi Selatan,5.324699453551912,1948.84,27.902021857923497,29.44,26.41,80.06620218579235
enrekang,9564.97,48.38,46270.8,2020,Sulawesi Selatan,9.729508196721312,3561.0,23.118497267759565,25.0,20.96,87.22273224043715
luwu,51848.84,48.57,251809.8,2020,Sulawesi Selatan,10.869234972677596,3978.14,22.255546448087433,24.07,20.16,87.6565300546448
tana toraja,11408.62,47.0,53622.45,2020,Sulawesi Selatan,10.869234972677596,3978.14,22.255546448087433,24.07,20.16,87.6565300546448
luwu utara,40584.37,39.53,160422.71,2020,Sulawesi Selatan,11.142841530054646,4078.28,23.563715846994533,25.18,21.56,87.32759562841531
luwu timur,41511.53,58.9,244490.69,2020,Sulawesi Selatan,9.944508196721312,3639.69,24.523606557377047,26.31,22.63,87.85573770491804
toraja utara,15248.14,43.78,66749.76,2020,Sulawesi Selatan,10.869234972677596,3978.14,22.255546448087433,24.07,20.16,87.6565300546448
makassar,2908.67,44.89,13055.81,2020,Sulawesi Selatan,6.094098360655738,2230.44,27.700273224043713,29.5,25.94,79.00122950819673
parepare,998.03,43.52,4343.42,2020,Sulawesi Selatan,5.324699453551912,1948.84,27.902021857923497,29.44,26.41,80.06620218579235
palopo,2956.96,53.75,15892.98,2020,Sulawesi Selatan,10.869234972677596,3978.14,22.255546448087433,24.07,20.16,87.6565300546448
kepulauan selayar,1564.53,66.46,10397.5,2021,Sulawesi Selatan,6.413369863013699,2340.88,28.031808219178085,30.05,26.42,79.740301369863
bulukumba,42698.9,49.2,210060.36,2021,Sulawesi Selatan,7.09717808219178,2590.47,25.79613698630137,27.57,24.17,83.43169863013699
bantaeng,9554.61,53.21,50843.87,2021,Sulawesi Selatan,7.09717808219178,2590.47,25.79613698630137,27.57,24.17,83.43169863013699
jeneponto,29017.89,56.25,163218.08,2021,Sulawesi Selatan,7.09717808219178,2590.47,25.79613698630137,27.57,24.17,83.43169863013699
takalar,27548.63,36.84,101500.65,2021,Sulawesi Selatan,8.245013698630137,3009.43,27.469342465753424,29.01,25.78,80.68090410958904
gowa,49583.27,47.97,237862.96,2021,Sulawesi Selatan,7.6985753424657535,2809.98,27.348986301369862,29.04,25.3,80.53156164383562
sinjai,22661.98,45.75,103684.87,2021,Sulawesi Selatan,7.654054794520548,2793.73,24.96134246575342,27.83,22.91,85.67008219178082
maros,40228.86,51.27,206262.13,2021,Sulawesi Selatan,7.6985753424657535,2809.98,27.348986301369862,29.04,25.3,80.53156164383562
pangkajene kepulauan,26419.25,48.34,127705.17,2021,Sulawesi Selatan,7.6985753424657535,2809.98,27.348986301369862,29.04,25.3,80.53156164383562
barru,21621.61,57.16,123599.16,2021,Sulawesi Selatan,5.8649589041095895,2140.71,27.545698630136986,29.3,25.52,80.03509589041096
bone,165259.93,48.91,808284.23,2021,Sulawesi Selatan,5.118794520547945,1868.36,28.348301369863012,29.8,26.53,78.61460273972604
soppeng,47465.84,56.7,269146.84,2021,Sulawesi Selatan,7.8129041095890415,2851.71,26.03030136986301,28.84,23.69,84.66624657534247
wajo,133495.3,50.13,669203.75,2021,Sulawesi Selatan,6.103534246575342,2227.79,26.62860273972603,29.48,24.15,83.79493150684932
sidenreng rappang,89434.42,53.67,480001.67,2021,Sulawesi Selatan,6.103534246575342,2227.79,26.62860273972603,29.48,24.15,83.79493150684932
pinrang,91595.91,60.41,553364.5,2021,Sulawesi Selatan,6.156438356164383,2247.1,27.614739726027395,29.19,26.07,81.09969863013698
enrekang,8523.93,47.63,40596.2,2021,Sulawesi Selatan,9.855972602739726,3597.43,22.868876712328767,25.01,20.2,87.62594520547945
luwu,53901.58,51.48,277479.98,2021,Sulawesi Selatan,10.845972602739726,3958.78,22.112876712328767,23.92,20.29,87.56175342465754
tana toraja,17582.87,47.53,83573.95,2021,Sulawesi Selatan,10.845972602739726,3958.78,22.112876712328767,23.92,20.29,87.56175342465754
luwu utara,37797.23,51.33,194020.2,2021,Sulawesi Selatan,10.867726027397259,3966.72,23.473917808219177,24.97,21.44,86.99893150684932
luwu timur,44089.55,59.92,264187.69,2021,Sulawesi Selatan,9.110356164383562,3325.28,24.391561643835615,26.28,22.02,87.87235616438356
toraja utara,18388.92,43.73,80409.25,2021,Sulawesi Selatan,10.845972602739726,3958.78,22.112876712328767,23.92,20.29,87.56175342465754
makassar,2789.1,43.19,12046.39,2021,Sulawesi Selatan,7.6985753424657535,2809.98,27.348986301369862,29.04,25.3,80.53156164383562
parepare,967.87,43.66,4225.57,2021,Sulawesi Selatan,6.156438356164383,2247.1,27.614739726027395,29.19,26.07,81.09969863013698
palopo,2966.25,63.93,18962.26,2021,Sulawesi Selatan,10.845972602739726,3958.78,22.112876712328767,23.92,20.29,87.56175342465754
kepulauan selayar,1588.42,42.25,6710.53,2022,Sulawesi Selatan,6.351013698630137,2318.12,28.129315068493153,29.96,26.74,79.37654794520547
bulukumba,42399.52,49.25,208838.17,2022,Sulawesi Selatan,6.995808219178081,2553.47,25.894164383561645,27.35,24.45,83.40515068493151
bantaeng,10467.54,53.7,56206.03,2022,Sulawesi Selatan,6.995808219178081,2553.47,25.894164383561645,27.35,24.45,83.40515068493151
jeneponto,27387.2,46.71,127923.41,2022,Sulawesi Selatan,6.995808219178081,2553.47,25.894164383561645,27.35,24.45,83.40515068493151
takalar,27146.57,41.39,112369.69,2022,Sulawesi Selatan,7.973479452054795,2910.32,27.51323287671233,29.25,26.07,80.74915068493151
gowa,50068.58,46.14,231035.1,2022,Sulawesi Selatan,8.097424657534246,2955.56,27.401780821917807,29.0,25.62,80.61312328767123
sinjai,22680.41,45.44,103063.58,2022,Sulawesi Selatan,7.601452054794521,2774.53,25.072986301369863,27.27,23.11,85.73238356164383
maros,40325.53,48.63,196087.49,2022,Sulawesi Selatan,8.097424657534246,2955.56,27.401780821917807,29.0,25.62,80.61312328767123
pangkajene kepulauan,26838.34,44.11,118394.01,2022,Sulawesi Selatan,8.097424657534246,2955.56,27.401780821917807,29.0,25.62,80.61312328767123
barru,23397.26,61.88,144793.92,2022,Sulawesi Selatan,6.218000000000001,2269.57,27.62723287671233,29.07,25.65,79.6943287671233
bone,186094.76,49.22,915978.89,2022,Sulawesi Selatan,5.108575342465754,1864.63,28.412465753424655,29.92,27.05,78.16613698630137
soppeng,51076.46,57.21,292200.18,2022,Sulawesi Selatan,7.745232876712329,2827.01,26.148876712328768,28.43,23.91,84.40613698630138
wajo,158471.22,50.35,797933.74,2022,Sulawesi Selatan,6.303013698630137,2300.6,26.731232876712326,28.8,24.54,83.62635616438357
sidenreng rappang,90652.88,59.05,535315.55,2022,Sulawesi Selatan,6.303013698630137,2300.6,26.731232876712326,28.8,24.54,83.62635616438357
pinrang,88904.57,61.65,548084.63,2022,Sulawesi Selatan,6.363945205479452,2322.84,27.733397260273975,29.21,26.02,80.43167123287671
enrekang,8380.83,48.11,40316.69,2022,Sulawesi Selatan,10.245835616438356,3739.73,22.960986301369864,24.77,20.51,87.24871232876713
luwu,52579.94,52.75,277364.84,2022,Sulawesi Selatan,11.344520547945205,4140.75,22.114986301369864,23.64,20.28,87.52501369863013
tana toraja,18276.3,45.4,82973.84,2022,Sulawesi Selatan,11.344520547945205,4140.75,22.114986301369864,23.64,20.28,87.52501369863013
luwu utara,39822.26,52.45,208866.69,2022,Sulawesi Selatan,11.322438356164383,4132.69,23.418054794520547,25.07,21.55,87.0126301369863
luwu timur,41995.23,52.29,219608.6,2022,Sulawesi Selatan,9.384493150684932,3425.34,24.357150684931508,26.32,22.3,88.39112328767123
toraja utara,22838.11,44.6,101859.8,2022,Sulawesi Selatan,11.344520547945205,4140.75,22.114986301369864,23.64,20.28,87.52501369863013
makassar,2805.89,45.58,12788.19,2022,Sulawesi Selatan,8.097424657534246,2955.56,27.401780821917807,29.0,25.62,80.61312328767123
parepare,963.45,48.26,4649.39,2022,Sulawesi Selatan,6.363945205479452,2322.84,27.733397260273975,29.21,26.02,80.43167123287671
palopo,2923.02,57.5,16806.41,2022,Sulawesi Selatan,11.344520547945205,4140.75,22.114986301369864,23.64,20.28,87.52501369863013
kepulauan selayar,1578.55,40.71,6425.68,2023,Sulawesi Selatan,3.704821917808219,1352.26,28.12753424657534,30.37,26.23,78.74608219178081
bulukumba,42683.42,50.6,215957.87,2023,Sulawesi Selatan,4.057287671232877,1480.91,26.160986301369864,29.1,24.07,80.36649315068493
bantaeng,9642.38,48.9,47147.1,2023,Sulawesi Selatan,4.057287671232877,1480.91,26.160986301369864,29.1,24.07,80.36649315068493
jeneponto,25283.45,44.57,112692.14,2023,Sulawesi Selatan,4.057287671232877,1480.91,26.160986301369864,29.1,24.07,80.36649315068493
takalar,27725.73,45.64,126551.43,2023,Sulawesi Selatan,4.958630136986302,1809.9,27.697808219178086,30.34,25.78,78.8106301369863
gowa,48550.38,47.71,231655.61,2023,Sulawesi Selatan,4.783397260273973,1745.94,27.727835616438355,30.6,25.47,78.03457534246576
sinjai,22492.38,48.2,108419.68,2023,Sulawesi Selatan,4.666986301369863,1703.45,25.587643835616436,29.78,23.33,80.9807397260274
maros,37779.27,48.19,182044.08,2023,Sulawesi Selatan,4.783397260273973,1745.94,27.727835616438355,30.6,25.47,78.03457534246576
pangkajene kepulauan,26399.15,42.99,113503.07,2023,Sulawesi Selatan,4.783397260273973,1745.94,27.727835616438355,30.6,25.47,78.03457534246576
barru,21957.57,50.21,110252.86,2023,Sulawesi Selatan,3.6852602739726024,1345.12,27.86649315068493,30.09,25.77,78.16435616438356
bone,170329.8,49.76,847495.03,2023,Sulawesi Selatan,2.7750958904109586,1012.91,28.50095890410959,30.55,26.94,77.75764383561643
soppeng,49038.41,52.98,259790.95,2023,Sulawesi Selatan,4.887972602739726,1784.11,26.67547945205479,30.67,24.44,80.01931506849314
wajo,140614.59,45.43,638815.52,2023,Sulawesi Selatan,3.553013698630137,1296.85,27.33797260273973,31.41,25.02,78.62989041095891
sidenreng rappang,89088.44,54.31,483868.74,2023,Sulawesi Selatan,3.553013698630137,1296.85,27.33797260273973,31.41,25.02,78.62989041095891
pinrang,77791.79,58.38,454111.97,2023,Sulawesi Selatan,3.7071780821917804,1353.12,27.9106301369863,30.04,26.04,79.55117808219178
enrekang,6914.1,46.2,31942.73,2023,Sulawesi Selatan,6.551561643835617,2391.32,23.16282191780822,25.74,20.98,85.67994520547946
luwu,51520.92,56.69,292072.62,2023,Sulawesi Selatan,7.22427397260274,2636.86,22.365835616438357,24.35,20.38,86.34194520547946
tana toraja,15424.55,45.76,70579.51,2023,Sulawesi Selatan,7.22427397260274,2636.86,22.365835616438357,24.35,20.38,86.34194520547946
luwu utara,37050.01,52.55,194714.72,2023,Sulawesi Selatan,7.405342465753424,2702.95,23.73104109589041,25.4,22.16,86.14772602739725
luwu timur,39673.74,57.77,229196.23,2023,Sulawesi Selatan,6.376328767123288,2327.36,24.727780821917808,26.59,23.19,86.77734246575342
toraja utara,19888.89,43.4,86316.43,2023,Sulawesi Selatan,7.22427397260274,2636.86,22.365835616438357,24.35,20.38,86.34194520547946
makassar,2475.34,52.15,12907.7,2023,Sulawesi Selatan,4.783397260273973,1745.94,27.727835616438355,30.6,25.47,78.03457534246576
parepare,962.16,40.08,3856.8,2023,Sulawesi Selatan,3.7071780821917804,1353.12,27.9106301369863,30.04,26.04,79.55117808219178
palopo,2925.19,54.93,16067.64,2023,Sulawesi Selatan,7.22427397260274,2636.86,22.365835616438357,24.35,20.38,86.34194520547946
kepulauan selayar,1480.48,40.05,5929.56,2024,Sulawesi Selatan,5.136174863387978,1879.84,28.580136612021857,30.08,26.76,79.32939890710382
bulukumba,43087.97,50.56,217869.03,2024,Sulawesi Selatan,5.619016393442623,2056.56,26.527131147540985,28.38,24.16,81.97789617486339
bantaeng,10428.07,45.66,47619.54,2024,Sulawesi Selatan,5.619016393442623,2056.56,26.527131147540985,28.38,24.16,81.97789617486339
jeneponto,27605.59,47.75,131809.69,2024,Sulawesi Selatan,5.619016393442623,2056.56,26.527131147540985,28.38,24.16,81.97789617486339
takalar,27596.5,41.89,115610.02,2024,Sulawesi Selatan,6.5340983606557375,2391.48,28.119726775956284,29.95,26.32,79.93234972677597
gowa,49388.29,48.57,239879.43,2024,Sulawesi Selatan,6.639180327868853,2429.94,28.05898907103825,30.08,26.45,79.47644808743169
sinjai,20298.13,46.8,95001.43,2024,Sulawesi Selatan,6.2992622950819674,2305.53,25.86139344262295,28.92,23.26,83.23546448087431
maros,40354.73,48.04,193846.58,2024,Sulawesi Selatan,6.639180327868853,2429.94,28.05898907103825,30.08,26.45,79.47644808743169
pangkajene kepulauan,27043.71,41.41,111980.09,2024,Sulawesi Selatan,6.639180327868853,2429.94,28.05898907103825,30.08,26.45,79.47644808743169
barru,21213.26,53.98,114509.68,2024,Sulawesi Selatan,5.225546448087432,1912.55,28.199590163934424,29.66,26.57,79.23158469945355
bone,157901.31,47.79,754644.66,2024,Sulawesi Selatan,4.41275956284153,1615.07,28.89786885245902,30.36,27.07,78.17907103825137
soppeng,45441.96,53.36,242469.8,2024,Sulawesi Selatan,6.568169398907103,2403.95,26.933934426229506,30.22,24.72,82.19928961748633
wajo,123316.52,47.66,587729.75,2024,Sulawesi Selatan,5.858934426229508,2144.37,27.556229508196722,31.05,24.89,81.32314207650273
sidenreng rappang,86548.69,51.75,447855.62,2024,Sulawesi Selatan,5.858934426229508,2144.37,27.556229508196722,31.05,24.89,81.32314207650273
pinrang,92277.1,61.07,563546.72,2024,Sulawesi Selatan,5.4833060109289615,2006.8899999999999,28.25409836065574,30.19,26.53,80.44893442622951
enrekang,7937.59,45.59,36189.33,2024,Sulawesi Selatan,10.662814207650273,3902.59,23.59672131147541,25.79,21.34,86.99579234972677
luwu,52325.28,53.59,280392.73,2024,Sulawesi Selatan,12.305300546448088,4503.74,22.723524590163933,24.25,20.32,87.61819672131148
tana toraja,12856.98,45.28,58216.93,2024,Sulawesi Selatan,12.305300546448088,4503.74,22.723524590163933,24.25,20.32,87.61819672131148
luwu utara,40352.09,54.19,218654.1,2024,Sulawesi Selatan,12.736147540983607,4661.43,23.995163934426227,25.41,21.87,87.23505464480874
luwu timur,41174.43,58.02,238901.89,2024,Sulawesi Selatan,10.368060109289617,3794.71,24.939480874316942,26.48,22.62,88.15002732240437
toraja utara,16209.27,50.12,81241.01,2024,Sulawesi Selatan,12.305300546448088,4503.74,22.723524590163933,24.25,20.32,87.61819672131148
makassar,2578.25,56.97,14687.42,2024,Sulawesi Selatan,6.639180327868853,2429.94,28.05898907103825,30.08,26.45,79.47644808743169
parepare,960.04,51.91,4983.52,2024,Sulawesi Selatan,5.4833060109289615,2006.8899999999999,28.25409836065574,30.19,26.53,80.44893442622951
palopo,2932.36,50.68,14860.86,2024,Sulawesi Selatan,12.305300546448088,4503.74,22.723524590163933,24.25,20.32,87.61819672131148
kepulauan selayar,1877.0,43.7,8201.0,2025,Sulawesi Selatan,5.135287671232877,1874.38,28.147917808219177,29.83,26.78,79.92372602739727
bulukumba,39833.0,52.23,208030.0,2025,Sulawesi Selatan,5.801616438356165,2117.59,26.07594520547945,27.68,23.94,82.66019178082192
bantaeng,9727.0,54.47,52984.0,2025,Sulawesi Selatan,5.801616438356165,2117.59,26.07594520547945,27.68,23.94,82.66019178082192
jeneponto,34291.0,48.91,167717.0,2025,Sulawesi Selatan,5.801616438356165,2117.59,26.07594520547945,27.68,23.94,82.66019178082192
takalar,31917.0,42.93,137019.0,2025,Sulawesi Selatan,6.853287671232876,2501.45,27.651397260273974,29.41,26.05,80.59005479452054
gowa,55529.0,47.64,264534.0,2025,Sulawesi Selatan,6.368739726027398,2324.59,27.51953424657534,29.44,25.66,80.40928767123287
sinjai,21675.0,49.1,106425.0,2025,Sulawesi Selatan,6.274383561643836,2290.15,25.325698630136984,28.2,22.64,84.46991780821918
maros,39489.0,47.34,186929.0,2025,Sulawesi Selatan,6.368739726027398,2324.59,27.51953424657534,29.44,25.66,80.40928767123287
pangkajene kepulauan,27868.0,45.42,126590.0,2025,Sulawesi Selatan,6.368739726027398,2324.59,27.51953424657534,29.44,25.66,80.40928767123287
barru,23591.0,59.13,139485.0,2025,Sulawesi Selatan,4.316191780821918,1575.41,27.723835616438357,29.61,25.95,79.64942465753425
bone,183673.0,48.66,893811.0,2025,Sulawesi Selatan,3.88413698630137,1417.71,28.520739726027397,30.18,26.53,77.95750684931507
soppeng,49087.0,52.65,258421.0,2025,Sulawesi Selatan,6.187753424657535,2258.53,26.418438356164383,28.88,23.94,83.05953424657534
wajo,154127.0,50.85,783762.0,2025,Sulawesi Selatan,4.396465753424658,1604.71,27.105479452054794,29.54,24.23,81.34090410958905
sidenreng rappang,94893.0,60.04,569733.0,2025,Sulawesi Selatan,4.396465753424658,1604.71,27.105479452054794,29.54,24.23,81.34090410958905
pinrang,96747.0,61.59,595823.0,2025,Sulawesi Selatan,4.194027397260274,1530.82,27.849479452054794,29.47,26.05,80.11882191780822
enrekang,7636.0,49.65,37908.0,2025,Sulawesi Selatan,6.197972602739727,2262.26,23.16709589041096,25.08,19.82,86.52986301369863
luwu,52709.0,55.15,290717.0,2025,Sulawesi Selatan,6.4755890410958905,2363.59,22.363589041095892,24.02,19.15,87.2229315068493
tana toraja,17209.0,45.81,78835.0,2025,Sulawesi Selatan,6.4755890410958905,2363.59,22.363589041095892,24.02,19.15,87.2229315068493
luwu utara,31172.0,54.5,169876.0,2025,Sulawesi Selatan,7.215068493150685,2633.5,23.62139726027397,25.11,20.77,87.07441095890411
luwu timur,40984.0,62.79,257320.0,2025,Sulawesi Selatan,7.281479452054794,2657.74,24.5486301369863,26.11,21.87,87.8168493150685
toraja utara,21235.0,46.16,98011.0,2025,Sulawesi Selatan,6.4755890410958905,2363.59,22.363589041095892,24.02,19.15,87.2229315068493
makassar,2102.0,50.19,10553.0,2025,Sulawesi Selatan,6.368739726027398,2324.59,27.51953424657534,29.44,25.66,80.40928767123287
parepare,1008.0,49.89,5027.0,2025,Sulawesi Selatan,4.194027397260274,1530.82,27.849479452054794,29.47,26.05,80.11882191780822
palopo,3323.0,56.83,18884.0,2025,Sulawesi Selatan,6.4755890410958905,2363.59,22.363589041095892,24.02,19.15,87.2229315068493
palu,104.66,43.72,457.55,2019,Sulawesi Tengah,4.110301369863014,1500.26,23.674027397260275,25.47,21.78,85.58139726027397
palu,75.98,48.37,367.52,2020,Sulawesi Tengah,7.479289617486339,2737.42,23.52639344262295,25.79,21.49,87.7037431693989
palu,167.17,45.72,764.28,2021,Sulawesi Tengah,5.564,2030.86,23.188109589041094,24.65,21.45,88.4249315068493
banggai kepulauan,291.58,34.06,992.99,2022,Sulawesi Tengah,4.954986301369863,1808.57,27.907780821917807,29.49,25.74,80.43553424657534
palu,194.91,45.6,888.75,2022,Sulawesi Tengah,5.737561643835616,2094.21,23.091068493150683,24.63,21.11,88.8609589041096
palu,161.59,42.41,685.27,2023,Sulawesi Tengah,3.7283835616438354,1360.86,23.700547945205482,25.4,20.76,86.85715068493151
banggai laut,1.2,41.76,5.03,2024,Sulawesi Tengah,4.471010928961749,1636.39,28.204071038251367,29.79,26.04,81.69786885245901
palu,176.85,47.01,831.32,2024,Sulawesi Tengah,6.234262295081967,2281.74,23.96617486338798,25.36,21.87,88.4261475409836
banggai laut,6.0,45.66,27.0,2025,Sulawesi Tengah,5.317095890410959,1940.74,27.875068493150685,29.47,25.92,81.49035616438356
palu,166.0,44.55,738.0,2025,Sulawesi Tengah,4.427068493150685,1615.88,23.402246575342463,24.82,21.23,88.13978082191781
konawe kepulauan,171.66,38.53,661.34,2018,Sulawesi Tenggara,5.905643835616438,2155.56,27.392739726027397,29.57,25.48,81.60567123287672
buton selatan,1.33,16.09,2.14,2018,Sulawesi Tenggara,4.693616438356164,1713.17,27.440657534246576,30.88,25.36,77.83054794520548
konawe kepulauan,218.19,38.3,835.73,2019,Sulawesi Tenggara,5.970904109589042,2179.38,27.19019178082192,29.63,24.97,81.41356164383562
buton selatan,3.33,27.12,9.03,2019,Sulawesi Tenggara,3.478,1269.47,27.45345205479452,31.29,24.69,75.84726027397261
konawe kepulauan,155.92,38.7,603.46,2020,Sulawesi Tenggara,7.369262295081968,2697.15,27.510655737704916,28.91,25.57,82.64469945355191
buton selatan,1.0,23.3,2.33,2020,Sulawesi Tenggara,5.381311475409836,1969.56,27.65142076502732,29.81,25.54,78.60393442622951
konawe kepulauan,118.87,41.99,499.14,2021,Sulawesi Tenggara,7.016356164383561,2560.97,27.419753424657532,29.1,25.13,83.15550684931506
buton tengah,5.78,40.52,23.42,2021,Sulawesi Tenggara,7.139643835616438,2605.97,26.61747945205479,28.81,24.57,86.89545205479452
buton selatan,1.66,33.43,5.55,2021,Sulawesi Tenggara,6.350219178082192,2317.83,27.410657534246575,29.58,25.43,80.61978082191781
konawe kepulauan,144.04,34.19,492.54,2022,Sulawesi Tenggara,6.701616438356165,2446.09,27.58580821917808,29.75,25.7,82.2651506849315
buton tengah,8.67,29.17,25.29,2022,Sulawesi Tenggara,7.330082191780822,2675.48,26.694876712328764,28.49,24.74,86.44038356164384
konawe kepulauan,127.96,37.69,482.3,2023,Sulawesi Tenggara,3.949890410958904,1441.71,27.648191780821918,30.04,25.89,81.09882191780822
buton tengah,8.67,31.59,27.39,2023,Sulawesi Tenggara,3.4968493150684927,1276.35,27.338657534246575,31.08,25.28,80.67580821917808
buton selatan,20.0,34.55,69.1,2023,Sulawesi Tenggara,3.362164383561644,1227.19,27.662082191780822,31.06,25.45,77.5201095890411
konawe kepulauan,166.38,38.0,632.18,2024,Sulawesi Tenggara,5.774316939890711,2113.4,27.880846994535517,29.74,25.77,82.86346994535519
buton tengah,5.78,29.48,17.04,2024,Sulawesi Tenggara,6.137896174863387,2246.47,27.407540983606555,30.29,24.43,83.97142076502732
buton selatan,33.34,33.69,112.33,2024,Sulawesi Tenggara,4.848032786885247,1774.38,28.05532786885246,30.57,25.23,78.65546448087431
buton tengah,18.0,38.01,67.0,2025,Sulawesi Tenggara,5.499232876712329,2007.22,26.99449315068493,29.87,24.63,84.31561643835617
buton selatan,33.0,26.45,88.0,2025,Sulawesi Tenggara,5.931780821917808,2165.1,27.48208219178082,29.32,25.37,80.42841095890411
kepulauan sangihe,7.83,36.49,28.57,2018,Sulawesi Utara,4.0611780821917804,1482.33,27.833232876712326,29.12,26.26,81.11315068493151
kepulauan talaud,95.05,35.23,334.87,2018,Sulawesi Utara,4.311150684931507,1573.57,27.978465753424658,29.27,26.6,81.45268493150685
manado,0.94,33.51,3.15,2018,Sulawesi Utara,4.876520547945206,1779.93,26.86282191780822,28.22,25.41,81.71378082191781
bitung,93.72,43.47,407.38,2018,Sulawesi Utara,4.876520547945206,1779.93,26.86282191780822,28.22,25.41,81.71378082191781
kepulauan sangihe,3.86,43.26,16.7,2019,Sulawesi Utara,2.7358082191780824,998.57,27.72208219178082,29.35,25.95,80.13487671232876
kepulauan talaud,60.23,43.74,263.44,2019,Sulawesi Utara,3.4088767123287673,1244.24,27.799616438356168,29.17,26.27,80.6114794520548
manado,1.26,37.94,4.78,2019,Sulawesi Utara,3.3591506849315067,1226.09,27.04994520547945,29.14,25.08,79.17641095890411
bitung,91.34,43.52,397.49,2019,Sulawesi Utara,3.3591506849315067,1226.09,27.04994520547945,29.14,25.08,79.17641095890411
kepulauan sangihe,1.02,46.67,4.76,2020,Sulawesi Utara,4.588907103825137,1679.54,27.83754098360656,29.53,26.28,80.86784153005465
kepulauan talaud,49.64,40.03,198.71,2020,Sulawesi Utara,5.015765027322404,1835.77,27.972704918032786,29.25,27.03,81.08467213114754
bitung,95.78,40.7,389.84,2020,Sulawesi Utara,5.639918032786885,2064.21,26.97644808743169,28.61,25.54,81.65243169398907
kepulauan sangihe,0.42,39.29,1.65,2021,Sulawesi Utara,5.6343287671232885,2056.53,27.80539726027397,29.11,26.31,81.31668493150686
kepulauan talaud,30.84,38.31,118.15,2021,Sulawesi Utara,6.305287671232876,2301.43,27.951972602739723,29.05,26.48,81.59320547945205
bitung,57.07,38.41,219.21,2021,Sulawesi Utara,6.984602739726028,2549.38,26.8373698630137,28.1,25.35,82.40476712328767
bitung,59.2,39.46,233.62,2022,Sulawesi Utara,7.320849315068494,2672.11,26.763150684931507,28.1,24.99,82.5415616438356
kepulauan sangihe,0.19,41.05,0.78,2023,Sulawesi Utara,4.0093424657534245,1463.41,28.033397260273976,29.2,26.51,81.12454794520548
bitung,19.02,45.82,87.15,2023,Sulawesi Utara,4.727150684931507,1725.41,27.20901369863014,29.01,25.06,81.15394520547945
kepulauan sangihe,8.65,43.03,37.24,2024,Sulawesi Utara,4.435327868852458,1623.33,28.18308743169399,29.77,26.18,81.64489071038251
kepulauan talaud,0.29,44.48,1.29,2024,Sulawesi Utara,5.805628415300546,2124.86,28.30092896174863,29.61,26.72,81.99890710382513
manado,9.03,42.24,38.13,2024,Sulawesi Utara,5.6486065573770485,2067.39,27.183743169398905,28.57,26.0,83.12814207650274
bitung,71.87,44.31,318.46,2024,Sulawesi Utara,5.6486065573770485,2067.39,27.183743169398905,28.57,26.0,83.12814207650274
kepulauan sangihe,7.0,37.4,27.0,2025,Sulawesi Utara,5.719178082191781,2087.5,27.910191780821915,29.09,26.52,82.02978082191781
kepulauan talaud,42.0,42.94,182.0,2025,Sulawesi Utara,6.53654794520548,2385.84,28.065863013698632,29.2,26.77,82.44701369863013
manado,6.0,36.69,22.0,2025,Sulawesi Utara,7.459890410958905,2722.86,26.89824657534247,28.41,25.61,83.07734246575342
bitung,18.0,42.84,75.0,2025,Sulawesi Utara,7.459890410958905,2722.86,26.89824657534247,28.41,25.61,83.07734246575342
kepulauan mentawai,208.12,24.71,514.36,2020,Sumatera Barat,9.768715846994535,3575.35,28.264754098360655,29.91,26.11,79.02653005464481
kepulauan mentawai,376.77,24.97,940.98,2021,Sumatera Barat,8.669753424657534,3164.46,28.076301369863014,29.34,26.16,78.36958904109589
kepulauan mentawai,177.28,26.51,469.93,2024,Sumatera Barat,9.99103825136612,3656.72,28.61122950819672,30.06,27.15,80.17248633879781
ogan komering ulu,3039.42,46.47,14124.16,2018,Sumatera Selatan,5.841506849315069,2132.15,26.06964383561644,28.41,23.95,85.93619178082191
ogan komering ilir,95573.8,50.65,484123.06,2018,Sumatera Selatan,5.925424657534247,2162.78,26.555698630136988,28.12,24.51,86.6763287671233
muara enim,18082.82,46.57,84206.44,2018,Sumatera Selatan,6.881397260273973,2511.71,25.859479452054792,28.12,23.43,86.73909589041097
lahat,13966.04,53.96,75360.65,2018,Sumatera Selatan,7.019013698630137,2561.94,24.365287671232878,26.27,22.28,87.09802739726027
musi rawas,24368.45,50.15,122214.04,2018,Sumatera Selatan,7.412027397260274,2705.39,26.04523287671233,27.79,23.46,86.48175342465754
musi banyuasin,39039.08,45.18,176385.25,2018,Sumatera Selatan,6.777945205479451,2473.95,26.252712328767124,28.1,23.63,87.17372602739727
banyuasin,212648.57,48.84,1038489.34,2018,Sumatera Selatan,6.370986301369863,2325.41,26.816082191780826,28.41,24.71,85.7951506849315
oku selatan,7218.88,44.51,32129.07,2018,Sumatera Selatan,6.985342465753425,2549.65,23.318301369863015,24.96,21.52,87.25169863013699
oku timur,96725.97,65.98,638198.79,2018,Sumatera Selatan,5.841506849315069,2132.15,26.06964383561644,28.41,23.95,85.93619178082191
ogan ilir,38896.17,47.59,185090.11,2018,Sumatera Selatan,6.195808219178081,2261.47,26.195013698630138,28.31,23.87,87.10646575342466
empat lawang,14390.13,41.73,60044.69,2018,Sumatera Selatan,8.803835616438356,3213.4,23.36997260273973,24.76,21.23,88.23805479452055
penukal abab lematang ilir,4163.45,40.66,16929.87,2018,Sumatera Selatan,6.881397260273973,2511.71,25.859479452054792,28.12,23.43,86.73909589041097
musi rawas utara,4852.7,42.94,20836.01,2018,Sumatera Selatan,7.020054794520548,2562.32,26.187068493150687,27.72,23.62,87.212
palembang,4478.14,54.65,24470.82,2018,Sumatera Selatan,6.27668493150685,2290.9900000000002,26.236191780821915,27.79,23.92,88.45471232876713
prabumulih,44.18,50.67,223.87,2018,Sumatera Selatan,6.195808219178081,2261.47,26.195013698630138,28.31,23.87,87.10646575342466
pagar alam,2804.25,53.07,14881.78,2018,Sumatera Selatan,8.803835616438356,3213.4,23.36997260273973,24.76,21.23,88.23805479452055
lubuklinggau,1282.56,50.55,6483.89,2018,Sumatera Selatan,7.782273972602741,2840.53,24.8066301369863,26.7,22.55,87.08372602739726
ogan komering ulu,3609.61,49.15,17739.97,2019,Sumatera Selatan,5.6380547945205475,2057.89,26.77276712328767,30.69,23.85,82.12312328767123
ogan komering ilir,95560.21,50.71,484604.79,2019,Sumatera Selatan,5.772356164383561,2106.91,26.944410958904108,29.4,24.95,85.13641095890411
muara enim,20070.19,41.42,83125.84,2019,Sumatera Selatan,5.803506849315069,2118.28,26.32961643835616,28.75,24.01,84.56638356164383
lahat,14499.32,50.44,73128.99,2019,Sumatera Selatan,5.837342465753425,2130.63,25.004849315068494,28.32,22.4,83.54402739726028
musi rawas,21935.15,47.19,103511.64,2019,Sumatera Selatan,5.648273972602739,2061.62,26.393041095890407,28.24,24.22,85.15567123287671
musi banyuasin,29488.73,46.34,136642.56,2019,Sumatera Selatan,5.859013698630137,2138.54,26.627808219178082,28.77,24.45,85.76586301369863
banyuasin,208597.95,43.43,905845.79,2019,Sumatera Selatan,6.0015616438356165,2190.57,27.149561643835618,29.2,25.3,84.93402739726027
oku selatan,7205.87,51.93,37418.38,2019,Sumatera Selatan,6.029150684931507,2200.64,24.025178082191783,26.65,21.44,82.77383561643836
oku timur,92116.61,62.46,575340.17,2019,Sumatera Selatan,5.6380547945205475,2057.89,26.77276712328767,30.69,23.85,82.12312328767123
ogan ilir,19167.29,37.48,71846.34,2019,Sumatera Selatan,5.964493150684931,2177.04,26.652191780821916,29.32,24.21,85.10898630136985
empat lawang,14115.04,39.62,55920.35,2019,Sumatera Selatan,6.36772602739726,2324.22,23.924712328767125,26.32,21.6,84.92750684931507
penukal abab lematang ilir,4297.06,40.08,17220.71,2019,Sumatera Selatan,5.803506849315069,2118.28,26.32961643835616,28.75,24.01,84.56638356164383
musi rawas utara,1650.16,39.36,6495.6,2019,Sumatera Selatan,5.631808219178082,2055.61,26.47958904109589,28.34,24.11,86.32490410958904
palembang,2730.04,46.45,12682.17,2019,Sumatera Selatan,6.066465753424658,2214.26,26.603945205479455,29.11,24.55,87.07263013698629
prabumulih,33.44,40.82,136.49,2019,Sumatera Selatan,5.964493150684931,2177.04,26.652191780821916,29.32,24.21,85.10898630136985
pagar alam,2668.15,47.73,12735.42,2019,Sumatera Selatan,6.36772602739726,2324.22,23.924712328767125,26.32,21.6,84.92750684931507
lubuklinggau,1571.7,57.27,9001.03,2019,Sumatera Selatan,5.568054794520548,2032.34,25.271479452054795,27.5,23.11,84.83531506849314
ogan komering ulu,3601.12,45.45,16365.67,2020,Sumatera Selatan,7.684098360655738,2812.38,26.308688524590163,28.0,23.86,87.43478142076503
ogan komering ilir,96370.64,54.5,525218.03,2020,Sumatera Selatan,7.470464480874317,2734.19,26.854426229508196,28.2,25.14,87.37030054644808
muara enim,12513.65,41.45,51866.22,2020,Sumatera Selatan,8.811639344262295,3225.06,26.171693989071038,27.88,24.47,87.04456284153005
lahat,14167.74,49.6,70278.25,2020,Sumatera Selatan,9.224590163934426,3376.2,24.643387978142076,26.3,22.83,87.79114754098362
musi rawas,22883.82,54.16,123933.68,2020,Sumatera Selatan,9.514262295081968,3482.2200000000003,26.341284153005464,28.09,24.53,86.65448087431695
musi banyuasin,33526.84,46.83,157015.79,2020,Sumatera Selatan,8.63275956284153,3159.59,26.558743169398905,28.33,24.87,87.35177595628416
banyuasin,211187.16,43.43,917156.76,2020,Sumatera Selatan,8.021256830601093,2935.78,27.073551912568306,28.77,25.22,86.22669398907104
oku selatan,7472.12,51.54,38509.64,2020,Sumatera Selatan,9.465409836065573,3464.34,23.53153005464481,25.05,21.45,88.67278688524591
oku timur,99645.54,63.59,633627.74,2020,Sumatera Selatan,7.684098360655738,2812.38,26.308688524590163,28.0,23.86,87.43478142076503
ogan ilir,21820.01,37.61,82073.28,2020,Sumatera Selatan,7.838306010928962,2868.82,26.50207650273224,28.19,24.38,87.69939890710383
empat lawang,13554.18,44.81,60730.88,2020,Sumatera Selatan,11.585218579234972,4240.19,23.665956284153005,25.33,21.73,88.30677595628416
penukal abab lematang ilir,3890.69,40.06,15586.11,2020,Sumatera Selatan,8.811639344262295,3225.06,26.171693989071038,27.88,24.47,87.04456284153005
musi rawas utara,2829.84,45.67,12924.13,2020,Sumatera Selatan,9.028715846994537,3304.51,26.484644808743166,28.34,24.56,87.15997267759563
palembang,3380.39,42.32,14304.74,2020,Sumatera Selatan,7.857459016393443,2875.83,26.52325136612022,28.2,24.8,88.8905737704918
prabumulih,34.8,39.52,137.53,2020,Sumatera Selatan,7.838306010928962,2868.82,26.50207650273224,28.19,24.38,87.69939890710383
pagar alam,2786.69,53.11,14798.8,2020,Sumatera Selatan,11.585218579234972,4240.19,23.665956284153005,25.33,21.73,88.30677595628416
lubuklinggau,1655.53,51.54,8532.43,2020,Sumatera Selatan,10.213715846994535,3738.22,25.064508196721313,26.48,23.63,87.47248633879782
ogan komering ulu,2739.2,43.86,12015.11,2021,Sumatera Selatan,7.702684931506849,2811.48,26.0412602739726,27.78,23.68,87.57978082191781
ogan komering ilir,85002.59,54.82,465965.86,2021,Sumatera Selatan,7.777205479452054,2838.68,26.6012602739726,28.43,23.95,87.39602739726027
muara enim,11767.93,39.97,47035.46,2021,Sumatera Selatan,8.830164383561643,3223.0099999999998,25.927972602739725,27.56,23.9,87.30591780821918
lahat,13708.57,48.15,66001.95,2021,Sumatera Selatan,8.732109589041094,3187.22,24.417397260273972,25.79,22.66,87.99950684931507
musi rawas,20352.72,58.97,120025.94,2021,Sumatera Selatan,8.59290410958904,3136.41,26.09117808219178,27.55,24.09,87.00761643835617
musi banyuasin,31472.23,47.41,149202.8,2021,Sumatera Selatan,8.695863013698629,3173.99,26.298657534246576,27.96,23.9,87.58490410958905
banyuasin,184834.91,48.0,887255.63,2021,Sumatera Selatan,8.425589041095892,3075.34,26.872328767123285,28.68,24.66,86.0554794520548
oku selatan,7697.5,58.01,44654.28,2021,Sumatera Selatan,8.42945205479452,3076.75,23.330219178082192,24.73,21.53,88.48035616438356
oku timur,95809.26,60.01,574966.07,2021,Sumatera Selatan,7.702684931506849,2811.48,26.0412602739726,27.78,23.68,87.57978082191781
ogan ilir,18403.69,41.76,76856.01,2021,Sumatera Selatan,8.519671232876712,3109.68,26.253780821917807,28.16,23.85,87.74652054794521
empat lawang,10705.6,42.17,45149.22,2021,Sumatera Selatan,10.259534246575342,3744.73,23.41221917808219,25.03,21.28,88.74128767123288
penukal abab lematang ilir,3900.26,43.03,16783.5,2021,Sumatera Selatan,8.830164383561643,3223.0099999999998,25.927972602739725,27.56,23.9,87.30591780821918
musi rawas utara,2925.95,42.62,12471.86,2021,Sumatera Selatan,7.961397260273972,2905.91,26.187671232876713,27.94,23.79,87.65369863013699
palembang,2475.24,41.62,10301.44,2021,Sumatera Selatan,8.65049315068493,3157.43,26.29512328767123,27.89,23.73,88.89745205479451
prabumulih,36.86,38.77,142.91,2021,Sumatera Selatan,8.519671232876712,3109.68,26.253780821917807,28.16,23.85,87.74652054794521
pagar alam,2705.03,53.95,14594.21,2021,Sumatera Selatan,10.259534246575342,3744.73,23.41221917808219,25.03,21.28,88.74128767123288
lubuklinggau,1704.11,52.94,9020.94,2021,Sumatera Selatan,9.106465753424658,3323.86,24.857205479452052,26.25,22.71,87.73635616438357
ogan komering ulu,2995.52,46.02,13784.51,2022,Sumatera Selatan,7.010438356164383,2558.81,26.120630136986303,28.02,24.52,87.00906849315069
ogan komering ilir,98450.44,54.3,534586.78,2022,Sumatera Selatan,7.364602739726028,2688.08,26.5672602739726,28.59,24.94,87.7667397260274
muara enim,12198.51,45.62,55650.55,2022,Sumatera Selatan,8.775589041095891,3203.09,26.01753424657534,27.92,23.91,86.53345205479452
lahat,14355.48,51.93,74549.71,2022,Sumatera Selatan,8.869945205479453,3237.53,24.50358904109589,26.29,22.93,87.04109589041096
musi rawas,17987.67,55.6,100005.52,2022,Sumatera Selatan,9.150438356164383,3339.91,26.230630136986303,28.16,24.32,85.97197260273973
musi banyuasin,29601.57,48.8,144445.74,2022,Sumatera Selatan,8.33027397260274,3040.55,26.337534246575345,28.26,24.13,87.24512328767123
banyuasin,177999.36,50.42,897427.6,2022,Sumatera Selatan,7.8303013698630135,2858.06,26.850383561643834,28.73,24.8,86.35164383561643
oku selatan,7013.5,55.9,39203.3,2022,Sumatera Selatan,8.321205479452056,3037.2400000000002,23.265561643835618,25.13,21.5,88.466
oku timur,108075.32,64.91,701509.52,2022,Sumatera Selatan,7.010438356164383,2558.81,26.120630136986303,28.02,24.52,87.00906849315069
ogan ilir,21150.62,49.61,104927.85,2022,Sumatera Selatan,7.681808219178082,2803.86,26.268246575342467,28.02,24.28,87.69076712328767
empat lawang,8672.6,45.76,39687.3,2022,Sumatera Selatan,11.533397260273972,4209.69,23.320493150684932,25.47,21.63,88.64619178082192
penukal abab lematang ilir,5334.75,42.31,22573.26,2022,Sumatera Selatan,8.775589041095891,3203.09,26.01753424657534,27.92,23.91,86.53345205479452
musi rawas utara,2943.14,41.81,12304.47,2022,Sumatera Selatan,7.962904109589041,2906.46,26.287424657534245,28.11,23.9,86.94835616438357
palembang,2371.64,46.67,11067.82,2022,Sumatera Selatan,7.793479452054794,2844.62,26.273123287671233,27.99,24.46,89.35216438356164
prabumulih,35.82,39.96,143.12,2022,Sumatera Selatan,7.681808219178082,2803.86,26.268246575342467,28.02,24.28,87.69076712328767
pagar alam,2966.59,56.7,16820.27,2022,Sumatera Selatan,11.533397260273972,4209.69,23.320493150684932,25.47,21.63,88.64619178082192
lubuklinggau,1225.67,52.07,6381.94,2022,Sumatera Selatan,10.42005479452055,3803.32,24.95556164383562,26.8,23.13,86.70167123287672
ogan komering ulu,2946.14,47.37,13955.94,2023,Sumatera Selatan,5.6032602739726025,2045.19,26.625999999999998,29.35,24.45,85.2573698630137
ogan komering ilir,90098.11,58.37,525899.56,2023,Sumatera Selatan,5.793150684931507,2114.5,27.021479452054795,28.91,24.95,86.56857534246575
muara enim,11528.06,51.0,58788.53,2023,Sumatera Selatan,5.803479452054795,2118.27,26.381479452054794,28.33,24.14,86.10213698630136
lahat,13409.56,51.4,68921.98,2023,Sumatera Selatan,5.717068493150685,2086.73,24.949397260273976,27.39,22.87,86.0168493150685
musi rawas,18686.2,57.45,107355.3,2023,Sumatera Selatan,5.5504931506849315,2025.93,26.573178082191777,28.29,24.34,85.82189041095891
musi banyuasin,26671.04,53.66,143115.22,2023,Sumatera Selatan,5.977698630136986,2181.86,26.759890410958906,28.45,24.43,86.68265753424657
banyuasin,177666.5,51.81,920413.27,2023,Sumatera Selatan,6.140356164383562,2241.23,27.280739726027395,29.14,25.01,85.81301369863014
oku selatan,7899.24,59.57,47059.3,2023,Sumatera Selatan,5.906520547945206,2155.88,23.919890410958903,26.59,21.79,85.75293150684931
oku timur,106700.37,67.19,716876.05,2023,Sumatera Selatan,5.6032602739726025,2045.19,26.625999999999998,29.35,24.45,85.2573698630137
ogan ilir,21654.29,46.82,101395.24,2023,Sumatera Selatan,6.035287671232877,2202.88,26.69219178082192,28.51,24.58,86.83005479452055
empat lawang,10415.7,48.68,50707.62,2023,Sumatera Selatan,5.924657534246576,2162.5,23.926712328767124,26.17,21.62,86.88227397260273
penukal abab lematang ilir,5801.04,43.9,25464.72,2023,Sumatera Selatan,5.803479452054795,2118.27,26.381479452054794,28.33,24.14,86.10213698630136
musi rawas utara,2686.74,44.57,11975.52,2023,Sumatera Selatan,5.821342465753425,2124.79,26.678027397260273,28.44,24.48,86.81210958904109
palembang,3097.77,49.39,15299.17,2023,Sumatera Selatan,6.171808219178082,2252.71,26.740493150684934,28.76,24.59,88.162
prabumulih,35.82,44.36,158.9,2023,Sumatera Selatan,6.035287671232877,2202.88,26.69219178082192,28.51,24.58,86.83005479452055
pagar alam,3581.61,52.23,18708.5,2023,Sumatera Selatan,5.924657534246576,2162.5,23.926712328767124,26.17,21.62,86.88227397260273
lubuklinggau,1264.84,52.81,6679.1,2023,Sumatera Selatan,5.292520547945205,1931.77,25.382191780821916,27.29,23.36,85.99413698630137
ogan komering ulu,2703.43,46.94,12690.78,2024,Sumatera Selatan,6.826912568306011,2498.65,27.00314207650273,29.9,24.92,85.34975409836065
ogan komering ilir,97822.25,59.17,578805.35,2024,Sumatera Selatan,7.10412568306011,2600.11,27.4125956284153,28.86,25.85,86.51989071038251
muara enim,12516.06,51.11,63967.79,2024,Sumatera Selatan,8.30153005464481,3038.36,26.752786885245904,29.38,24.87,86.21691256830601
lahat,12535.44,50.97,63892.53,2024,Sumatera Selatan,8.555054644808743,3131.15,25.255737704918033,27.69,23.5,86.59915300546449
musi rawas,19898.95,58.33,116076.29,2024,Sumatera Selatan,8.584098360655739,3141.78,26.90155737704918,28.89,24.73,86.09882513661202
musi banyuasin,25001.15,49.64,124111.48,2024,Sumatera Selatan,7.825519125683059,2864.14,27.121721311475408,29.52,25.38,86.7689344262295
banyuasin,185231.71,51.18,948088.97,2024,Sumatera Selatan,7.393306010928962,2705.95,27.625928961748635,29.02,26.11,85.83806010928961
oku selatan,7646.4,62.3,47640.28,2024,Sumatera Selatan,8.41672131147541,3080.52,24.200327868852458,26.36,22.23,86.8377868852459
oku timur,111431.99,65.65,731587.52,2024,Sumatera Selatan,6.826912568306011,2498.65,27.00314207650273,29.9,24.92,85.34975409836065
ogan ilir,20507.92,49.77,102076.84,2024,Sumatera Selatan,7.42568306010929,2717.8,27.11284153005464,29.22,25.11,86.67319672131147
empat lawang,9014.59,49.12,44283.22,2024,Sumatera Selatan,11.229617486338798,4110.04,24.19210382513661,26.13,22.07,88.01510928961748
penukal abab lematang ilir,6142.9,43.07,26454.98,2024,Sumatera Selatan,8.30153005464481,3038.36,26.752786885245904,29.38,24.87,86.21691256830601
musi rawas utara,2663.38,39.19,10438.12,2024,Sumatera Selatan,7.43084699453552,2719.69,27.02,28.73,24.3,86.91691256830602
palembang,2654.85,45.58,12100.2,2024,Sumatera Selatan,7.474398907103826,2735.63,27.11448087431694,28.66,25.33,88.14923497267759
prabumulih,46.78,38.55,180.36,2024,Sumatera Selatan,7.42568306010929,2717.8,27.11284153005464,29.22,25.11,86.67319672131147
pagar alam,3674.32,50.77,18654.25,2024,Sumatera Selatan,11.229617486338798,4110.04,24.19210382513661,26.13,22.07,88.01510928961748
lubuklinggau,1600.08,52.26,8362.71,2024,Sumatera Selatan,9.663579234972678,3536.87,25.637049180327868,27.46,23.92,86.83672131147542
ogan komering ulu,5477.0,47.14,25815.0,2025,Sumatera Selatan,7.971232876712329,2909.5,26.318493150684933,27.88,24.35,87.17180821917808
ogan komering ilir,106758.0,62.49,667136.0,2025,Sumatera Selatan,7.662657534246575,2796.87,26.7973698630137,28.31,25.2,87.61306849315069
muara enim,16990.0,53.87,91517.0,2025,Sumatera Selatan,9.046301369863015,3301.9,26.198273972602742,28.01,24.07,86.69194520547946
lahat,15461.0,53.65,82954.0,2025,Sumatera Selatan,9.211589041095891,3362.23,24.695150684931505,26.31,22.37,87.21013698630138
musi rawas,23717.0,60.76,144097.0,2025,Sumatera Selatan,9.090438356164384,3318.01,26.371616438356163,28.15,24.47,86.28290410958904
musi banyuasin,32464.0,53.74,174474.0,2025,Sumatera Selatan,8.634383561643837,3151.55,26.52772602739726,28.26,24.55,87.25673972602739
banyuasin,230280.0,51.14,1177649.0,2025,Sumatera Selatan,8.002794520547946,2921.02,27.034109589041098,28.93,25.39,86.40098630136987
oku selatan,13831.0,55.82,77206.0,2025,Sumatera Selatan,9.093561643835617,3319.15,23.475561643835615,24.82,21.27,88.6613698630137
oku timur,138174.0,66.83,923413.0,2025,Sumatera Selatan,7.971232876712329,2909.5,26.318493150684933,27.88,24.35,87.17180821917808
ogan ilir,24984.0,48.64,121519.0,2025,Sumatera Selatan,8.431095890410958,3077.35,26.490027397260274,27.94,24.67,87.62884931506849
empat lawang,9626.0,48.79,46968.0,2025,Sumatera Selatan,11.046657534246576,4032.03,23.522054794520546,25.33,21.83,88.73575342465753
penukal abab lematang ilir,6835.0,49.43,33786.0,2025,Sumatera Selatan,9.046301369863015,3301.9,26.198273972602742,28.01,24.07,86.69194520547946
musi rawas utara,2435.0,44.66,10873.0,2025,Sumatera Selatan,7.959808219178082,2905.33,26.45994520547945,28.04,24.55,86.99810958904109
palembang,4100.0,53.0,21729.0,2025,Sumatera Selatan,8.360520547945207,3051.59,26.496109589041097,28.19,24.73,89.05402739726027
prabumulih,193.0,44.79,862.0,2025,Sumatera Selatan,8.431095890410958,3077.35,26.490027397260274,27.94,24.67,87.62884931506849
pagar alam,3636.0,54.0,19633.0,2025,Sumatera Selatan,11.046657534246576,4032.03,23.522054794520546,25.33,21.83,88.73575342465753
lubuklinggau,1356.0,54.48,7390.0,2025,Sumatera Selatan,9.908438356164384,3616.58,25.092136986301366,26.71,23.29,87.03726027397259
nias,9899.33,35.47,35117.42,2018,Sumatera Utara,7.972876712328767,2910.1,27.595726027397262,29.08,25.94,78.67819178082192
mandailing natal,20161.62,45.22,91162.61,2018,Sumatera Utara,13.045917808219178,4761.76,23.71254794520548,25.34,21.4,90.78975342465753
tapanuli selatan,18714.63,52.3,97876.5,2018,Sumatera Utara,13.20641095890411,4820.34,23.13572602739726,24.74,20.44,90.72923287671233
tapanuli tengah,12794.69,38.85,49706.39,2018,Sumatera Utara,12.162027397260275,4439.14,22.682986301369866,24.49,20.44,89.21539726027397
tapanuli utara,26729.07,44.69,119456.09,2018,Sumatera Utara,12.162027397260275,4439.14,22.682986301369866,24.49,20.44,89.21539726027397
toba,22196.55,59.43,131918.2,2018,Sumatera Utara,9.411123287671233,3435.06,22.940547945205477,24.42,20.71,88.7773698630137
labuhanbatu,12366.68,46.35,57317.78,2018,Sumatera Utara,11.072246575342465,4041.37,25.74232876712329,26.86,22.74,90.00238356164384
asahan,9678.49,57.38,55539.11,2018,Sumatera Utara,6.499945205479452,2372.48,27.461698630136986,28.71,25.39,82.56764383561644
simalungun,34172.33,57.44,196297.25,2018,Sumatera Utara,6.549534246575342,2390.58,25.837479452054794,27.41,23.83,85.64920547945205
dairi,5332.96,52.45,27968.79,2018,Sumatera Utara,6.394739726027397,2334.08,22.25945205479452,24.61,19.59,89.83761643835618
karo,10430.56,56.15,58571.71,2018,Sumatera Utara,6.442520547945206,2351.52,21.95032876712329,23.6,19.84,88.27830136986302
deli serdang,52978.85,58.24,308529.23,2018,Sumatera Utara,4.2909863013698635,1566.21,25.830438356164386,27.73,23.67,84.46134246575342
langkat,26460.96,53.02,140285.48,2018,Sumatera Utara,4.820958904109589,1759.65,25.27276712328767,27.6,23.19,85.7706301369863
nias selatan,11892.78,43.76,52037.91,2018,Sumatera Utara,9.17572602739726,3349.14,27.95578082191781,29.37,26.31,77.86805479452055
humbang hasundutan,14824.54,48.91,72502.95,2018,Sumatera Utara,9.510246575342466,3471.24,20.04854794520548,21.94,17.39,89.60035616438357
pakpak bharat,1378.3,34.15,4706.98,2018,Sumatera Utara,6.394739726027397,2334.08,22.25945205479452,24.61,19.59,89.83761643835618
samosir,8193.68,51.34,42068.41,2018,Sumatera Utara,9.510246575342466,3471.24,20.04854794520548,21.94,17.39,89.60035616438357
serdang bedagai,48584.09,57.95,281534.19,2018,Sumatera Utara,4.2909863013698635,1566.21,25.830438356164386,27.73,23.67,84.46134246575342
batubara,13277.62,52.03,69078.52,2018,Sumatera Utara,6.549534246575342,2390.58,25.837479452054794,27.41,23.83,85.64920547945205
padang lawas utara,5970.76,43.5,25974.82,2018,Sumatera Utara,11.876328767123287,4334.86,25.548712328767124,26.87,22.06,90.02309589041096
padang lawas,7048.07,38.72,27288.88,2018,Sumatera Utara,13.20641095890411,4820.34,23.13572602739726,24.74,20.44,90.72923287671233
labuhanbatu selatan,119.11,35.26,419.97,2018,Sumatera Utara,8.876904109589042,3240.07,26.667452054794524,27.96,23.69,87.11027397260274
labuhanbatu utara,10580.82,47.42,50174.73,2018,Sumatera Utara,8.890520547945206,3245.04,26.628849315068496,27.75,24.54,86.4093698630137
nias utara,10130.16,41.58,42119.28,2018,Sumatera Utara,8.718520547945205,3182.26,27.871424657534245,29.47,26.06,78.23934246575342
nias barat,2185.68,40.5,8851.35,2018,Sumatera Utara,7.972876712328767,2910.1,27.595726027397262,29.08,25.94,78.67819178082192
tanjungbalai,92.76,50.95,472.65,2018,Sumatera Utara,6.499945205479452,2372.48,27.461698630136986,28.71,25.39,82.56764383561644
pematangsiantar,1524.39,60.55,9230.46,2018,Sumatera Utara,6.549534246575342,2390.58,25.837479452054794,27.41,23.83,85.64920547945205
tebing tinggi,566.83,52.38,2969.08,2018,Sumatera Utara,4.843013698630137,1767.7,28.10035616438356,29.91,26.03,77.02156164383561
medan,1113.95,45.96,5119.74,2018,Sumatera Utara,4.2909863013698635,1566.21,25.830438356164386,27.73,23.67,84.46134246575342
binjai,1479.15,41.81,6183.98,2018,Sumatera Utara,4.2909863013698635,1566.21,25.830438356164386,27.73,23.67,84.46134246575342
padangsidimpuan,4798.2,51.57,24746.32,2018,Sumatera Utara,13.20641095890411,4820.34,23.13572602739726,24.74,20.44,90.72923287671233
gunungsitoli,2498.84,52.26,13057.94,2018,Sumatera Utara,8.718520547945205,3182.26,27.871424657534245,29.47,26.06,78.23934246575342
nias,9815.05,32.27,31674.09,2019,Sumatera Utara,6.240712328767124,2277.86,27.81684931506849,29.51,26.08,79.5453698630137
mandailing natal,19937.48,41.46,82658.97,2019,Sumatera Utara,10.793561643835616,3939.65,24.181479452054795,25.73,22.12,90.52090410958904
tapanuli selatan,19723.9,49.74,98109.39,2019,Sumatera Utara,10.891369863013699,3975.35,23.615534246575344,25.46,21.78,90.30789041095889
tapanuli tengah,13306.9,39.14,52079.39,2019,Sumatera Utara,10.121808219178082,3694.46,23.15567123287671,24.98,21.56,89.31134246575343
tapanuli utara,24138.38,46.31,111791.69,2019,Sumatera Utara,10.121808219178082,3694.46,23.15567123287671,24.98,21.56,89.31134246575343
toba,20857.38,61.95,129213.79,2019,Sumatera Utara,8.079643835616439,2949.07,23.288630136986303,25.48,21.35,88.82871232876712
labuhanbatu,15194.29,49.77,75623.32,2019,Sumatera Utara,9.215315068493151,3363.59,26.097068493150687,27.73,24.31,89.6758904109589
asahan,9995.57,61.54,61513.4,2019,Sumatera Utara,5.999561643835617,2189.84,27.786438356164382,29.29,25.67,82.43846575342467
simalungun,32101.99,52.19,167543.64,2019,Sumatera Utara,5.968219178082192,2178.4,26.186520547945204,28.37,23.76,85.44284931506849
dairi,5634.52,49.69,27995.15,2019,Sumatera Utara,5.850767123287672,2135.53,22.699342465753425,24.72,20.88,89.79849315068492
karo,9235.12,63.2,58368.73,2019,Sumatera Utara,5.808301369863014,2120.03,22.348547945205482,24.41,20.42,88.15243835616438
deli serdang,56051.79,55.45,310784.51,2019,Sumatera Utara,3.741479452054795,1365.64,26.220246575342465,28.18,24.14,83.7828493150685
langkat,27339.29,46.93,128293.57,2019,Sumatera Utara,3.8734520547945204,1413.81,25.733780821917808,27.74,23.38,84.19676712328767
nias selatan,13597.73,43.77,59518.29,2019,Sumatera Utara,7.11827397260274,2598.17,28.088520547945205,29.63,25.85,79.37539726027397
humbang hasundutan,16357.01,41.75,68288.15,2019,Sumatera Utara,8.192931506849316,2990.42,20.5353698630137,22.52,18.88,89.51128767123288
pakpak bharat,1354.81,39.75,5385.93,2019,Sumatera Utara,5.850767123287672,2135.53,22.699342465753425,24.72,20.88,89.79849315068492
samosir,8976.22,53.05,47619.58,2019,Sumatera Utara,8.192931506849316,2990.42,20.5353698630137,22.52,18.88,89.51128767123288
serdang bedagai,48156.55,58.08,279705.68,2019,Sumatera Utara,3.741479452054795,1365.64,26.220246575342465,28.18,24.14,83.7828493150685
batubara,12489.08,52.7,65816.11,2019,Sumatera Utara,5.968219178082192,2178.4,26.186520547945204,28.37,23.76,85.44284931506849
padang lawas utara,6614.83,44.23,29259.13,2019,Sumatera Utara,9.671424657534248,3530.07,25.972328767123287,27.87,24.36,89.49005479452055
padang lawas,7218.01,33.01,23824.5,2019,Sumatera Utara,10.891369863013699,3975.35,23.615534246575344,25.46,21.78,90.30789041095889
labuhanbatu selatan,68.05,37.98,258.48,2019,Sumatera Utara,7.30317808219178,2665.66,27.065698630136986,28.7,25.04,86.36194520547946
labuhanbatu utara,10475.74,45.61,47782.62,2019,Sumatera Utara,7.711342465753424,2814.64,26.958438356164383,28.43,24.75,86.15205479452055
nias utara,10950.94,44.61,48851.51,2019,Sumatera Utara,7.683506849315068,2804.48,28.168767123287672,29.94,26.41,78.70378082191782
nias barat,2305.51,37.63,8675.96,2019,Sumatera Utara,6.240712328767124,2277.86,27.81684931506849,29.51,26.08,79.5453698630137
tanjungbalai,80.46,53.29,428.78,2019,Sumatera Utara,5.999561643835617,2189.84,27.786438356164382,29.29,25.67,82.43846575342467
pematangsiantar,1812.25,62.43,11313.58,2019,Sumatera Utara,5.968219178082192,2178.4,26.186520547945204,28.37,23.76,85.44284931506849
tebing tinggi,501.8,62.24,3123.34,2019,Sumatera Utara,4.50345205479452,1643.76,28.447013698630137,30.47,26.58,76.87986301369864
medan,1184.17,50.91,6028.72,2019,Sumatera Utara,3.741479452054795,1365.64,26.220246575342465,28.18,24.14,83.7828493150685
binjai,1489.51,40.15,5980.75,2019,Sumatera Utara,3.741479452054795,1365.64,26.220246575342465,28.18,24.14,83.7828493150685
padangsidimpuan,3863.88,50.29,19432.3,2019,Sumatera Utara,10.891369863013699,3975.35,23.615534246575344,25.46,21.78,90.30789041095889
gunungsitoli,2313.03,51.7,11958.54,2019,Sumatera Utara,7.683506849315068,2804.48,28.168767123287672,29.94,26.41,78.70378082191782
nias,9513.49,37.2,35387.89,2020,Sumatera Utara,7.641775956284152,2796.89,27.97322404371585,29.81,25.77,78.10696721311476
mandailing natal,18198.88,40.86,74365.92,2020,Sumatera Utara,11.671229508196722,4271.67,24.08568306010929,25.87,21.92,90.51
tapanuli selatan,17677.65,51.4,90857.69,2020,Sumatera Utara,11.579726775956285,4238.18,23.475601092896174,25.25,21.15,90.52868852459017
tapanuli tengah,11903.68,35.23,41930.98,2020,Sumatera Utara,10.87412568306011,3979.93,23.068825136612023,25.21,21.0,88.97830601092896
tapanuli utara,21508.92,51.26,110246.52,2020,Sumatera Utara,10.87412568306011,3979.93,23.068825136612023,25.21,21.0,88.97830601092896
toba,17574.08,60.41,106168.3,2020,Sumatera Utara,8.929207650273224,3268.09,23.237923497267758,24.92,20.92,89.27527322404372
labuhanbatu,11594.12,50.19,58193.58,2020,Sumatera Utara,9.922513661202185,3631.64,26.000956284153006,27.32,23.95,90.0222131147541
asahan,10737.39,57.14,61350.21,2020,Sumatera Utara,6.888087431693989,2521.04,27.67737704918033,29.11,26.14,82.83685792349728
simalungun,33172.77,52.7,174804.18,2020,Sumatera Utara,6.978934426229508,2554.29,26.134808743169398,27.85,23.88,86.06139344262296
dairi,6546.43,53.94,35311.46,2020,Sumatera Utara,6.935655737704917,2538.45,22.540737704918033,24.33,20.57,89.699043715847
karo,8601.24,67.25,57841.43,2020,Sumatera Utara,6.869316939890711,2514.17,22.24344262295082,23.96,20.17,88.57275956284153
deli serdang,49658.5,63.46,315156.48,2020,Sumatera Utara,5.065382513661202,1853.93,26.09672131147541,27.83,24.14,84.54497267759562
langkat,27742.99,50.4,139829.47,2020,Sumatera Utara,5.834153005464481,2135.3,25.57800546448087,27.7,23.01,85.02784153005464
nias selatan,10803.5,42.77,46202.43,2020,Sumatera Utara,8.47445355191257,3101.65,28.33868852459016,30.05,26.59,77.45079234972678
humbang hasundutan,11968.69,47.11,56389.69,2020,Sumatera Utara,9.05360655737705,3313.62,20.39013661202186,22.44,18.15,89.82366120218579
pakpak bharat,1064.93,34.97,3724.34,2020,Sumatera Utara,6.935655737704917,2538.45,22.540737704918033,24.33,20.57,89.699043715847
samosir,7927.89,46.8,37103.35,2020,Sumatera Utara,9.05360655737705,3313.62,20.39013661202186,22.44,18.15,89.82366120218579
serdang bedagai,48862.29,60.85,297346.87,2020,Sumatera Utara,5.065382513661202,1853.93,26.09672131147541,27.83,24.14,84.54497267759562
batubara,12988.09,56.93,73938.86,2020,Sumatera Utara,6.978934426229508,2554.29,26.134808743169398,27.85,23.88,86.06139344262296
padang lawas utara,8583.94,40.18,34491.82,2020,Sumatera Utara,10.356967213114755,3790.65,25.856693989071037,27.24,23.81,89.94677595628414
padang lawas,8374.84,34.89,29216.42,2020,Sumatera Utara,11.579726775956285,4238.18,23.475601092896174,25.25,21.15,90.52868852459017
labuhanbatu selatan,164.48,37.96,624.4,2020,Sumatera Utara,7.888360655737705,2887.14,26.932349726775957,28.28,25.26,86.98846994535519
labuhanbatu utara,12268.17,45.75,56125.53,2020,Sumatera Utara,8.492923497267759,3108.41,26.898797814207647,28.41,24.95,86.44756830601094
nias utara,7584.08,41.83,31726.75,2020,Sumatera Utara,8.441830601092896,3089.71,28.22978142076503,30.13,26.05,77.61639344262295
nias barat,2691.48,39.2,10549.72,2020,Sumatera Utara,7.641775956284152,2796.89,27.97322404371585,29.81,25.77,78.10696721311476
tanjungbalai,75.45,56.58,426.9,2020,Sumatera Utara,6.888087431693989,2521.04,27.67737704918033,29.11,26.14,82.83685792349728
pematangsiantar,2055.44,61.57,12655.0,2020,Sumatera Utara,6.978934426229508,2554.29,26.134808743169398,27.85,23.88,86.06139344262296
tebing tinggi,484.97,55.17,2675.77,2020,Sumatera Utara,5.834098360655738,2135.28,28.226010928961745,29.96,26.31,77.94762295081968
medan,924.83,54.35,5026.28,2020,Sumatera Utara,5.065382513661202,1853.93,26.09672131147541,27.83,24.14,84.54497267759562
binjai,1456.08,54.05,7869.63,2020,Sumatera Utara,5.065382513661202,1853.93,26.09672131147541,27.83,24.14,84.54497267759562
padangsidimpuan,3532.72,55.51,19609.89,2020,Sumatera Utara,11.579726775956285,4238.18,23.475601092896174,25.25,21.15,90.52868852459017
gunungsitoli,2349.21,56.84,13352.43,2020,Sumatera Utara,8.441830601092896,3089.71,28.22978142076503,30.13,26.05,77.61639344262295
nias,8999.56,40.62,36559.9,2021,Sumatera Utara,7.468219178082192,2725.9,27.807397260273973,29.4,25.79,77.74175342465755
mandailing natal,17158.99,42.15,72323.45,2021,Sumatera Utara,10.71558904109589,3911.19,23.811013698630138,25.33,21.92,90.0398904109589
tapanuli selatan,16697.95,52.68,87958.52,2021,Sumatera Utara,10.51041095890411,3836.3,23.20205479452055,24.9,20.87,90.08156164383561
tapanuli tengah,12366.14,42.83,52962.33,2021,Sumatera Utara,10.036191780821918,3663.21,22.780109589041096,24.46,20.41,88.14372602739726
tapanuli utara,21621.69,56.68,122554.37,2021,Sumatera Utara,10.036191780821918,3663.21,22.780109589041096,24.46,20.41,88.14372602739726
toba,17687.1,60.63,107239.08,2021,Sumatera Utara,8.919534246575342,3255.63,22.97435616438356,24.55,21.12,88.63224657534246
labuhanbatu,12622.84,47.17,59546.4,2021,Sumatera Utara,9.583287671232878,3497.9,25.758246575342465,27.39,24.0,89.59753424657534
asahan,9906.85,56.18,55660.79,2021,Sumatera Utara,7.326301369863013,2674.1,27.56060273972603,29.06,25.71,81.99246575342465
simalungun,30950.94,52.47,162411.52,2021,Sumatera Utara,7.648191780821918,2791.59,25.90958904109589,27.65,23.97,85.41616438356165
dairi,5894.95,51.53,30378.06,2021,Sumatera Utara,7.807479452054794,2849.73,22.27013698630137,24.31,20.17,89.46912328767124
karo,9844.22,70.93,69828.73,2021,Sumatera Utara,7.392602739726028,2698.3,21.908712328767123,23.65,19.81,88.20517808219178
deli serdang,53981.21,59.86,323107.61,2021,Sumatera Utara,5.830219178082192,2128.03,25.8346301369863,27.65,23.73,84.40742465753425
langkat,25633.4,48.8,125103.01,2021,Sumatera Utara,6.536054794520547,2385.66,25.260986301369865,27.06,23.33,86.20350684931506
nias selatan,13491.62,42.61,57492.48,2021,Sumatera Utara,7.768904109589041,2835.65,28.23167123287671,29.75,26.49,76.49361643835617
humbang hasundutan,11440.24,43.28,49513.29,2021,Sumatera Utara,8.937260273972603,3262.1,20.01958904109589,22.03,17.67,89.21191780821917
pakpak bharat,1175.82,38.07,4476.81,2021,Sumatera Utara,7.807479452054794,2849.73,22.27013698630137,24.31,20.17,89.46912328767124
samosir,7874.65,53.83,42388.81,2021,Sumatera Utara,8.937260273972603,3262.1,20.01958904109589,22.03,17.67,89.21191780821917
serdang bedagai,49091.03,55.06,270270.84,2021,Sumatera Utara,5.830219178082192,2128.03,25.8346301369863,27.65,23.73,84.40742465753425
batubara,12269.27,56.39,69181.22,2021,Sumatera Utara,7.648191780821918,2791.59,25.90958904109589,27.65,23.97,85.41616438356165
padang lawas utara,7124.65,41.07,29263.5,2021,Sumatera Utara,9.994986301369863,3648.17,25.57032876712329,27.2,23.79,89.69397260273972
padang lawas,6961.04,37.82,26328.75,2021,Sumatera Utara,10.51041095890411,3836.3,23.20205479452055,24.9,20.87,90.08156164383561
labuhanbatu selatan,113.43,43.75,496.21,2021,Sumatera Utara,8.64145205479452,3154.13,26.672657534246575,28.16,24.29,86.78931506849315
labuhanbatu utara,9047.81,42.41,38367.28,2021,Sumatera Utara,8.54917808219178,3120.45,26.698739726027398,28.32,24.61,85.83852054794521
nias utara,9690.89,41.31,40034.78,2021,Sumatera Utara,8.268191780821917,3017.89,28.066904109589043,29.65,26.25,77.41479452054794
nias barat,2699.9,44.81,12097.93,2021,Sumatera Utara,7.468219178082192,2725.9,27.807397260273973,29.4,25.79,77.74175342465755
tanjungbalai,75.92,51.9,394.06,2021,Sumatera Utara,7.326301369863013,2674.1,27.56060273972603,29.06,25.71,81.99246575342465
pematangsiantar,1951.46,61.83,12065.71,2021,Sumatera Utara,7.648191780821918,2791.59,25.90958904109589,27.65,23.97,85.41616438356165
tebing tinggi,452.41,52.73,2385.57,2021,Sumatera Utara,6.667424657534247,2433.61,28.13115068493151,29.92,25.9,76.95728767123288
medan,1051.11,50.6,5318.98,2021,Sumatera Utara,5.830219178082192,2128.03,25.8346301369863,27.65,23.73,84.40742465753425
binjai,1426.14,51.86,7395.93,2021,Sumatera Utara,5.830219178082192,2128.03,25.8346301369863,27.65,23.73,84.40742465753425
padangsidimpuan,3368.87,52.33,17628.96,2021,Sumatera Utara,10.51041095890411,3836.3,23.20205479452055,24.9,20.87,90.08156164383561
gunungsitoli,2732.9,49.06,13407.63,2021,Sumatera Utara,8.268191780821917,3017.89,28.066904109589043,29.65,26.25,77.41479452054794
nias,7704.17,45.75,35244.47,2022,Sumatera Utara,8.112,2960.88,27.589041095890412,29.82,25.66,78.39580821917808
mandailing natal,20813.47,39.61,82436.28,2022,Sumatera Utara,12.774986301369863,4662.87,23.643780821917808,25.47,21.78,90.63476712328767
tapanuli selatan,19790.77,49.94,98843.26,2022,Sumatera Utara,12.706027397260273,4637.7,23.07235616438356,24.82,21.01,90.74057534246575
tapanuli tengah,12218.7,39.43,48181.74,2022,Sumatera Utara,12.00945205479452,4383.45,22.5826301369863,24.4,20.49,89.08243835616439
tapanuli utara,27457.39,45.76,125645.14,2022,Sumatera Utara,12.00945205479452,4383.45,22.5826301369863,24.4,20.49,89.08243835616439
toba,16504.07,62.29,102802.33,2022,Sumatera Utara,9.975123287671233,3640.92,23.000164383561643,24.89,20.79,88.98413698630137
labuhanbatu,21300.16,38.8,82642.09,2022,Sumatera Utara,11.11254794520548,4056.08,25.74342465753425,27.21,23.74,90.1170684931507
asahan,10166.12,64.62,65692.71,2022,Sumatera Utara,8.271698630136987,3019.17,27.53627397260274,28.99,25.75,82.9568493150685
simalungun,26442.49,54.08,143008.93,2022,Sumatera Utara,7.836958904109588,2860.49,25.95772602739726,27.93,23.48,86.14717808219179
dairi,7027.48,49.71,34934.89,2022,Sumatera Utara,7.673342465753425,2800.77,22.136,24.1,20.25,90.06616438356164
karo,9175.59,69.15,63451.43,2022,Sumatera Utara,7.704465753424658,2812.13,21.914931506849314,23.58,19.67,88.73169863013699
deli serdang,54364.03,61.03,331769.45,2022,Sumatera Utara,6.621424657534247,2416.82,25.898493150684935,28.09,23.5,85.09035616438356
langkat,23315.84,49.46,115310.33,2022,Sumatera Utara,6.725890410958904,2454.95,25.26772602739726,27.34,22.97,87.26331506849316
nias selatan,12263.83,35.09,43037.79,2022,Sumatera Utara,9.324794520547945,3403.55,28.031972602739724,29.6,26.15,77.19871232876712
humbang hasundutan,15971.97,41.26,65908.05,2022,Sumatera Utara,9.999917808219179,3649.9700000000003,19.947835616438358,21.76,17.87,89.80783561643835
pakpak bharat,1436.85,36.28,5212.74,2022,Sumatera Utara,7.673342465753425,2800.77,22.136,24.1,20.25,90.06616438356164
samosir,6790.46,56.04,38052.33,2022,Sumatera Utara,9.999917808219179,3649.9700000000003,19.947835616438358,21.76,17.87,89.80783561643835
serdang bedagai,50910.11,58.6,298314.65,2022,Sumatera Utara,6.621424657534247,2416.82,25.898493150684935,28.09,23.5,85.09035616438356
batubara,12827.29,53.35,68430.96,2022,Sumatera Utara,7.836958904109588,2860.49,25.95772602739726,27.93,23.48,86.14717808219179
padang lawas utara,6894.1,42.42,29247.18,2022,Sumatera Utara,11.741260273972603,4285.56,25.530328767123287,27.02,23.27,89.96520547945207
padang lawas,7325.83,37.78,27674.56,2022,Sumatera Utara,12.706027397260273,4637.7,23.07235616438356,24.82,21.01,90.74057534246575
labuhanbatu selatan,102.09,39.56,403.84,2022,Sumatera Utara,9.106328767123287,3323.81,26.637041095890414,28.36,24.55,87.33287671232877
labuhanbatu utara,19670.34,40.28,79223.04,2022,Sumatera Utara,9.657287671232876,3524.91,26.67564383561644,28.4,24.54,86.65041095890412
nias utara,8768.97,44.62,39122.95,2022,Sumatera Utara,8.540931506849315,3117.44,27.894301369863015,29.74,25.69,77.82016438356165
nias barat,2441.86,41.89,10228.82,2022,Sumatera Utara,8.112,2960.88,27.589041095890412,29.82,25.66,78.39580821917808
tanjungbalai,75.92,45.89,348.41,2022,Sumatera Utara,8.271698630136987,3019.17,27.53627397260274,28.99,25.75,82.9568493150685
pematangsiantar,1842.98,62.35,11490.47,2022,Sumatera Utara,7.836958904109588,2860.49,25.95772602739726,27.93,23.48,86.14717808219179
tebing tinggi,447.99,51.57,2310.46,2022,Sumatera Utara,6.742794520547945,2461.12,28.110438356164384,29.83,25.72,78.0665205479452
medan,1007.53,58.11,5854.91,2022,Sumatera Utara,6.621424657534247,2416.82,25.898493150684935,28.09,23.5,85.09035616438356
binjai,1244.91,50.95,6342.59,2022,Sumatera Utara,6.621424657534247,2416.82,25.898493150684935,28.09,23.5,85.09035616438356
padangsidimpuan,3154.81,56.32,17769.03,2022,Sumatera Utara,12.706027397260273,4637.7,23.07235616438356,24.82,21.01,90.74057534246575
gunungsitoli,2003.98,48.14,9647.98,2022,Sumatera Utara,8.540931506849315,3117.44,27.894301369863015,29.74,25.69,77.82016438356165
nias,8481.7,44.99,38155.62,2023,Sumatera Utara,6.381013698630137,2329.07,27.80243835616438,29.43,26.07,79.27835616438355
mandailing natal,19833.89,39.47,78282.95,2023,Sumatera Utara,11.48613698630137,4192.44,24.157808219178083,26.0,21.98,90.96178082191781
tapanuli selatan,18748.74,48.64,91188.83,2023,Sumatera Utara,11.633616438356166,4246.27,23.622712328767125,25.44,21.58,90.71238356164383
tapanuli tengah,12079.15,40.31,48693.65,2023,Sumatera Utara,10.918958904109589,3985.42,23.103424657534248,25.16,21.21,89.63361643835617
tapanuli utara,25293.86,50.14,126829.9,2023,Sumatera Utara,10.918958904109589,3985.42,23.103424657534248,25.16,21.21,89.63361643835617
toba,16361.1,67.78,110901.56,2023,Sumatera Utara,8.87041095890411,3237.7,23.443479452054795,25.09,20.71,89.25317808219178
labuhanbatu,13368.02,47.36,63305.01,2023,Sumatera Utara,10.205041095890412,3724.84,26.191068493150684,27.76,24.07,90.15372602739725
asahan,10212.46,62.09,63406.82,2023,Sumatera Utara,7.253835616438357,2647.65,27.860410958904108,29.45,25.44,83.31906849315068
simalungun,27573.66,52.16,143824.15,2023,Sumatera Utara,6.756712328767123,2466.2,26.294082191780824,28.14,23.98,86.3945205479452
dairi,6821.58,49.15,33525.36,2023,Sumatera Utara,6.503972602739726,2373.95,22.672027397260276,24.75,20.28,90.36424657534246
karo,8827.56,65.0,57380.13,2023,Sumatera Utara,6.69413698630137,2443.36,22.414876712328766,24.35,19.9,88.98923287671232
deli serdang,52360.9,59.66,312405.53,2023,Sumatera Utara,5.6178630136986305,2050.52,26.240164383561645,28.27,23.93,85.57476712328767
langkat,24435.48,49.06,119871.01,2023,Sumatera Utara,5.679150684931506,2072.89,25.63649315068493,27.7,23.36,86.95723287671233
nias selatan,11951.51,35.45,42368.62,2023,Sumatera Utara,7.221479452054795,2635.84,28.07167123287671,29.63,26.03,79.07665753424658
humbang hasundutan,16179.19,42.43,68644.12,2023,Sumatera Utara,8.93164383561644,3260.05,20.550246575342467,22.63,18.19,90.06350684931508
pakpak bharat,1125.85,38.77,4364.62,2023,Sumatera Utara,6.503972602739726,2373.95,22.672027397260276,24.75,20.28,90.36424657534246
samosir,7385.8,58.47,43183.46,2023,Sumatera Utara,8.93164383561644,3260.05,20.550246575342467,22.63,18.19,90.06350684931508
serdang bedagai,49742.27,60.72,302038.88,2023,Sumatera Utara,5.6178630136986305,2050.52,26.240164383561645,28.27,23.93,85.57476712328767
batubara,13033.8,53.94,70300.15,2023,Sumatera Utara,6.756712328767123,2466.2,26.294082191780824,28.14,23.98,86.3945205479452
padang lawas utara,10594.64,39.48,41829.32,2023,Sumatera Utara,10.66309589041096,3892.03,26.02679452054795,27.85,24.27,89.9443287671233
padang lawas,9970.29,38.43,38311.52,2023,Sumatera Utara,11.633616438356166,4246.27,23.622712328767125,25.44,21.58,90.71238356164383
labuhanbatu selatan,130.45,33.98,443.29,2023,Sumatera Utara,8.468383561643837,3090.96,27.094986301369865,28.59,24.58,87.27041095890411
labuhanbatu utara,19088.26,40.8,77884.81,2023,Sumatera Utara,8.743698630136986,3191.45,27.064712328767126,28.64,24.56,86.77660273972603
nias utara,8895.77,41.08,36541.94,2023,Sumatera Utara,7.407698630136986,2703.81,28.12843835616438,29.79,26.18,78.49750684931507
nias barat,2982.82,49.1,14646.73,2023,Sumatera Utara,6.381013698630137,2329.07,27.80243835616438,29.43,26.07,79.27835616438355
tanjungbalai,52.57,44.3,232.87,2023,Sumatera Utara,7.253835616438357,2647.65,27.860410958904108,29.45,25.44,83.31906849315068
pematangsiantar,1462.29,61.3,8964.16,2023,Sumatera Utara,6.756712328767123,2466.2,26.294082191780824,28.14,23.98,86.3945205479452
tebing tinggi,447.98,56.42,2527.47,2023,Sumatera Utara,5.746630136986301,2097.52,28.433808219178083,30.2,26.39,78.69290410958904
medan,967.89,58.61,5673.07,2023,Sumatera Utara,5.6178630136986305,2050.52,26.240164383561645,28.27,23.93,85.57476712328767
binjai,1342.42,47.83,6420.48,2023,Sumatera Utara,5.6178630136986305,2050.52,26.240164383561645,28.27,23.93,85.57476712328767
padangsidimpuan,3678.0,57.94,21310.45,2023,Sumatera Utara,11.633616438356166,4246.27,23.622712328767125,25.44,21.58,90.71238356164383
gunungsitoli,2679.59,52.31,14017.67,2023,Sumatera Utara,7.407698630136986,2703.81,28.12843835616438,29.79,26.18,78.49750684931507
nias,9173.7,45.32,41573.96,2024,Sumatera Utara,7.556939890710383,2765.84,28.291256830601093,29.77,26.5,79.1181693989071
mandailing natal,22625.8,42.24,95562.19,2024,Sumatera Utara,12.756311475409838,4668.81,24.46327868852459,26.57,22.13,91.21204918032787
tapanuli selatan,19965.56,49.19,98207.86,2024,Sumatera Utara,12.644043715846996,4627.72,23.893278688524592,25.92,21.33,91.20207650273224
tapanuli tengah,12136.83,39.5,47940.19,2024,Sumatera Utara,11.737677595628414,4295.99,23.43275956284153,25.33,21.04,89.77904371584698
tapanuli utara,24187.41,51.29,124068.5,2024,Sumatera Utara,11.737677595628414,4295.99,23.43275956284153,25.33,21.04,89.77904371584698
toba,16080.93,60.14,96707.62,2024,Sumatera Utara,9.302158469945356,3404.59,23.751229508196722,25.67,21.64,89.4077868852459
labuhanbatu,14934.95,52.54,78473.8,2024,Sumatera Utara,10.923743169398907,3998.09,26.497814207650276,28.17,24.51,90.85161202185793
asahan,11343.52,59.56,67559.19,2024,Sumatera Utara,7.275628415300547,2662.88,28.16825136612022,30.0,26.53,84.0942349726776
simalungun,34503.33,57.42,198121.31,2024,Sumatera Utara,6.857267759562841,2509.7599999999998,26.663251366120218,28.69,24.38,86.45109289617486
dairi,6294.01,54.2,34116.51,2024,Sumatera Utara,6.577540983606558,2407.38,23.018360655737702,25.23,20.95,90.31062841530056
karo,8035.59,54.56,43839.39,2024,Sumatera Utara,6.811748633879781,2493.1,22.740327868852457,24.98,20.64,89.02319672131148
deli serdang,50213.59,62.44,313546.4,2024,Sumatera Utara,5.487595628415301,2008.46,26.667158469945356,29.02,24.26,85.24035519125684
langkat,24760.51,48.58,120291.33,2024,Sumatera Utara,5.690573770491803,2082.75,26.068606557377052,28.35,23.9,86.66535519125684
nias selatan,12680.38,35.33,44805.66,2024,Sumatera Utara,9.10844262295082,3333.69,28.64196721311475,30.23,27.01,78.5607650273224
humbang hasundutan,17237.91,43.89,75663.41,2024,Sumatera Utara,9.41122950819672,3444.5099999999998,20.827868852459016,23.07,18.26,90.32475409836066
pakpak bharat,1675.43,41.34,6926.07,2024,Sumatera Utara,6.577540983606558,2407.38,23.018360655737702,25.23,20.95,90.31062841530056
samosir,7114.9,59.97,42669.45,2024,Sumatera Utara,9.41122950819672,3444.5099999999998,20.827868852459016,23.07,18.26,90.32475409836066
serdang bedagai,51117.61,65.17,333128.7,2024,Sumatera Utara,5.487595628415301,2008.46,26.667158469945356,29.02,24.26,85.24035519125684
batubara,11735.98,58.2,68305.78,2024,Sumatera Utara,6.857267759562841,2509.7599999999998,26.663251366120218,28.69,24.38,86.45109289617486
padang lawas utara,11389.81,39.57,45073.94,2024,Sumatera Utara,11.54308743169399,4224.77,26.33448087431694,28.19,24.19,90.4013387978142
padang lawas,11355.56,39.92,45334.39,2024,Sumatera Utara,12.644043715846996,4627.72,23.893278688524592,25.92,21.33,91.20207650273224
labuhanbatu selatan,102.1,41.29,421.57,2024,Sumatera Utara,8.964699453551912,3281.08,27.40142076502732,29.08,25.55,88.15827868852459
labuhanbatu utara,18753.42,45.36,85067.43,2024,Sumatera Utara,9.160765027322405,3352.84,27.377896174863388,29.31,25.6,87.55737704918033
nias utara,9163.0,35.53,32554.64,2024,Sumatera Utara,8.630901639344263,3158.91,28.57377049180328,29.99,26.62,78.54338797814208
nias barat,2582.99,44.59,11518.35,2024,Sumatera Utara,7.556939890710383,2765.84,28.291256830601093,29.77,26.5,79.1181693989071
tanjungbalai,44.78,48.48,217.1,2024,Sumatera Utara,7.275628415300547,2662.88,28.16825136612022,30.0,26.53,84.0942349726776
pematangsiantar,1599.09,58.23,9311.82,2024,Sumatera Utara,6.857267759562841,2509.7599999999998,26.663251366120218,28.69,24.38,86.45109289617486
tebing tinggi,459.17,58.68,2694.34,2024,Sumatera Utara,5.708387978142077,2089.27,28.759999999999998,30.8,26.67,78.8718306010929
medan,919.54,60.29,5544.03,2024,Sumatera Utara,5.487595628415301,2008.46,26.667158469945356,29.02,24.26,85.24035519125684
binjai,1093.72,44.97,4918.38,2024,Sumatera Utara,5.487595628415301,2008.46,26.667158469945356,29.02,24.26,85.24035519125684
padangsidimpuan,3586.75,53.16,19067.99,2024,Sumatera Utara,12.644043715846996,4627.72,23.893278688524592,25.92,21.33,91.20207650273224
gunungsitoli,2595.61,44.86,11644.21,2024,Sumatera Utara,8.630901639344263,3158.91,28.57377049180328,29.99,26.62,78.54338797814208
nias,9041.0,44.46,40200.0,2025,Sumatera Utara,7.722849315068493,2818.84,27.87112328767123,29.19,26.32,79.23698630136987
mandailing natal,54548.0,40.93,223288.0,2025,Sumatera Utara,10.864739726027398,3965.63,23.83490410958904,25.38,22.06,90.61090410958904
tapanuli selatan,33008.0,48.72,160826.0,2025,Sumatera Utara,10.711698630136986,3909.77,23.2441095890411,24.71,21.38,90.58016438356165
tapanuli tengah,17845.0,37.36,66668.0,2025,Sumatera Utara,10.09723287671233,3685.4900000000002,22.801369863013697,24.57,20.62,88.92279452054794
tapanuli utara,27555.0,51.78,142694.0,2025,Sumatera Utara,10.09723287671233,3685.4900000000002,22.801369863013697,24.57,20.62,88.92279452054794
toba,18939.0,60.47,114525.0,2025,Sumatera Utara,8.639095890410958,3153.27,23.183616438356164,24.92,20.78,88.07501369863014
labuhanbatu,23464.0,49.97,117257.0,2025,Sumatera Utara,9.29772602739726,3393.67,25.916383561643833,27.68,24.08,89.85016438356163
asahan,15677.0,59.37,93067.0,2025,Sumatera Utara,6.959150684931507,2540.09,27.7672602739726,29.42,25.42,82.58931506849315
simalungun,31755.0,59.04,187490.0,2025,Sumatera Utara,7.152438356164383,2610.64,26.223123287671235,28.51,24.0,85.2394794520548
dairi,8938.0,52.5,46928.0,2025,Sumatera Utara,7.234027397260274,2640.42,22.450027397260275,24.13,20.21,89.54745205479452
karo,12496.0,57.8,72225.0,2025,Sumatera Utara,7.098356164383562,2590.9,22.142027397260275,24.19,19.76,88.1715890410959
deli serdang,50094.0,59.66,298852.0,2025,Sumatera Utara,6.143205479452055,2242.27,26.214383561643835,28.73,23.91,84.45260273972603
langkat,33115.0,49.43,163674.0,2025,Sumatera Utara,7.2654794520547945,2651.9,25.604465753424655,27.33,23.57,86.64991780821919
nias selatan,10450.0,35.95,37566.0,2025,Sumatera Utara,8.250027397260274,3011.2599999999998,28.29435616438356,29.85,26.6,78.19139726027397
humbang hasundutan,18228.0,44.96,81948.0,2025,Sumatera Utara,8.718383561643837,3182.21,20.08386301369863,21.97,17.67,89.40328767123287
pakpak bharat,2578.0,37.59,9690.0,2025,Sumatera Utara,7.234027397260274,2640.42,22.450027397260275,24.13,20.21,89.54745205479452
samosir,6401.0,60.59,38781.0,2025,Sumatera Utara,8.718383561643837,3182.21,20.08386301369863,21.97,17.67,89.40328767123287
serdang bedagai,55196.0,64.59,356508.0,2025,Sumatera Utara,6.143205479452055,2242.27,26.214383561643835,28.73,23.91,84.45260273972603
batubara,16282.0,58.26,94856.0,2025,Sumatera Utara,7.152438356164383,2610.64,26.223123287671235,28.51,24.0,85.2394794520548
padang lawas utara,21912.0,43.34,94965.0,2025,Sumatera Utara,9.837616438356164,3590.73,25.643616438356165,27.42,23.99,89.83597260273972
padang lawas,21692.0,43.6,94568.0,2025,Sumatera Utara,10.711698630136986,3909.77,23.2441095890411,24.71,21.38,90.58016438356165
labuhanbatu selatan,877.0,44.27,3883.0,2025,Sumatera Utara,7.8506027397260265,2865.47,26.82441095890411,28.54,24.92,87.38580821917809
labuhanbatu utara,23063.0,47.14,108718.0,2025,Sumatera Utara,8.166191780821917,2980.66,26.886109589041098,28.69,24.53,86.43772602739726
nias utara,5630.0,36.28,20427.0,2025,Sumatera Utara,8.306164383561644,3031.75,28.200821917808216,29.57,26.56,78.52016438356165
nias barat,3916.0,38.96,15254.0,2025,Sumatera Utara,7.722849315068493,2818.84,27.87112328767123,29.19,26.32,79.23698630136987
tanjungbalai,108.0,47.13,509.0,2025,Sumatera Utara,6.959150684931507,2540.09,27.7672602739726,29.42,25.42,82.58931506849315
pematangsiantar,1762.0,60.53,10667.0,2025,Sumatera Utara,7.152438356164383,2610.64,26.223123287671235,28.51,24.0,85.2394794520548
tebing tinggi,353.0,61.91,2188.0,2025,Sumatera Utara,6.524904109589041,2381.59,28.44030136986301,30.36,26.22,77.31468493150685
medan,891.0,59.1,5264.0,2025,Sumatera Utara,6.143205479452055,2242.27,26.214383561643835,28.73,23.91,84.45260273972603
binjai,1781.0,47.53,8464.0,2025,Sumatera Utara,6.143205479452055,2242.27,26.214383561643835,28.73,23.91,84.45260273972603
padangsidimpuan,5119.0,57.13,29247.0,2025,Sumatera Utara,10.711698630136986,3909.77,23.2441095890411,24.71,21.38,90.58016438356165
gunungsitoli,2294.0,49.94,11457.0,2025,Sumatera Utara,8.306164383561644,3031.75,28.200821917808216,29.57,26.56,78.52016438356165
